1.0000000000000000,0.0000000000000000,0.0000000000000000,0.0008545911725130
-1.0000000000000000,0.0000000000000000,0.0000000000000000,0.0008545911725130
0.0000000000000000,1.0000000000000000,0.0000000000000000,0.0008545911725130
0.0000000000000000,-1.0000000000000000,0.0000000000000000,0.0008545911725130
0.0000000000000000,0.0000000000000000,1.0000000000000000,0.0008545911725130
0.0000000000000000,0.0000000000000000,-1.0000000000000000,0.0008545911725130
0.5773502691896257,0.5773502691896257,0.5773502691896257,0.0035991192850260
0.5773502691896257,0.5773502691896257,-0.5773502691896257,0.0035991192850260
0.5773502691896257,-0.5773502691896257,0.5773502691896257,0.0035991192850260
0.5773502691896257,-0.5773502691896257,-0.5773502691896257,0.0035991192850260
-0.5773502691896257,0.5773502691896257,0.5773502691896257,0.0035991192850260
-0.5773502691896257,0.5773502691896257,-0.5773502691896257,0.0035991192850260
-0.5773502691896257,-0.5773502691896257,0.5773502691896257,0.0035991192850260
-0.5773502691896257,-0.5773502691896257,-0.5773502691896257,0.0035991192850260
0.3515640345570105,0.3515640345570105,0.8676436245440833,0.0034497884243060
0.3515640345570103,0.3515640345570103,-0.8676436245440835,0.0034497884243060
0.3515640345570105,-0.3515640345570105,0.8676436245440833,0.0034497884243060
0.3515640345570103,-0.3515640345570103,-0.8676436245440835,0.0034497884243060
-0.3515640345570105,0.3515640345570105,0.8676436245440833,0.0034497884243060
-0.3515640345570103,0.3515640345570103,-0.8676436245440835,0.0034497884243060
-0.3515640345570105,-0.3515640345570105,0.8676436245440833,0.0034497884243060
-0.3515640345570103,-0.3515640345570103,-0.8676436245440835,0.0034497884243060
0.3515640345570103,0.8676436245440834,0.3515640345570105,0.0034497884243060
0.3515640345570103,-0.8676436245440834,0.3515640345570105,0.0034497884243060
0.3515640345570103,0.8676436245440834,-0.3515640345570105,0.0034497884243060
0.3515640345570103,-0.8676436245440834,-0.3515640345570105,0.0034497884243060
-0.3515640345570105,0.8676436245440833,0.3515640345570105,0.0034497884243060
-0.3515640345570105,-0.8676436245440833,0.3515640345570105,0.0034497884243060
-0.3515640345570105,0.8676436245440833,-0.3515640345570105,0.0034497884243060
-0.3515640345570105,-0.8676436245440833,-0.3515640345570105,0.0034497884243060
0.8676436245440833,0.3515640345570107,0.3515640345570105,0.0034497884243060
-0.8676436245440833,0.3515640345570105,0.3515640345570105,0.0034497884243060
0.8676436245440833,0.3515640345570107,-0.3515640345570105,0.0034497884243060
-0.8676436245440833,0.3515640345570105,-0.3515640345570105,0.0034497884243060
0.8676436245440833,-0.3515640345570107,0.3515640345570105,0.0034497884243060
-0.8676436245440833,-0.3515640345570105,0.3515640345570105,0.0034497884243060
0.8676436245440833,-0.3515640345570107,-0.3515640345570105,0.0034497884243060
-0.8676436245440833,-0.3515640345570105,-0.3515640345570105,0.0034497884243060
0.6566329410219612,0.6566329410219612,0.3710341783848209,0.0036048226014200
0.6566329410219612,0.6566329410219612,-0.3710341783848209,0.0036048226014200
0.6566329410219612,-0.6566329410219612,0.3710341783848209,0.0036048226014200
0.6566329410219612,-0.6566329410219612,-0.3710341783848209,0.0036048226014200
-0.6566329410219612,0.6566329410219612,0.3710341783848209,0.0036048226014200
-0.6566329410219612,0.6566329410219612,-0.3710341783848209,0.0036048226014200
-0.6566329410219612,-0.6566329410219612,0.3710341783848209,0.0036048226014200
-0.6566329410219612,-0.6566329410219612,-0.3710341783848209,0.0036048226014200
0.6566329410219613,0.3710341783848211,0.6566329410219612,0.0036048226014200
0.6566329410219613,-0.3710341783848211,0.6566329410219612,0.0036048226014200
0.6566329410219612,0.3710341783848210,-0.6566329410219613,0.0036048226014200
0.6566329410219612,-0.3710341783848210,-0.6566329410219613,0.0036048226014200
-0.6566329410219615,0.3710341783848207,0.6566329410219612,0.0036048226014200
-0.6566329410219615,-0.3710341783848207,0.6566329410219612,0.0036048226014200
-0.6566329410219613,0.3710341783848207,-0.6566329410219613,0.0036048226014200
-0.6566329410219613,-0.3710341783848207,-0.6566329410219613,0.0036048226014200
0.3710341783848211,0.6566329410219613,0.6566329410219612,0.0036048226014200
-0.3710341783848212,0.6566329410219611,0.6566329410219612,0.0036048226014200
0.3710341783848210,0.6566329410219612,-0.6566329410219613,0.0036048226014200
-0.3710341783848212,0.6566329410219610,-0.6566329410219613,0.0036048226014200
0.3710341783848211,-0.6566329410219613,0.6566329410219612,0.0036048226014200
-0.3710341783848212,-0.6566329410219611,0.6566329410219612,0.0036048226014200
0.3710341783848210,-0.6566329410219612,-0.6566329410219613,0.0036048226014200
-0.3710341783848212,-0.6566329410219610,-0.6566329410219613,0.0036048226014200
0.4729054132581004,0.4729054132581004,0.7434520429875557,0.0035767296617430
0.4729054132581004,0.4729054132581004,-0.7434520429875557,0.0035767296617430
0.4729054132581004,-0.4729054132581004,0.7434520429875557,0.0035767296617430
0.4729054132581004,-0.4729054132581004,-0.7434520429875557,0.0035767296617430
-0.4729054132581004,0.4729054132581004,0.7434520429875557,0.0035767296617430
-0.4729054132581004,0.4729054132581004,-0.7434520429875557,0.0035767296617430
-0.4729054132581004,-0.4729054132581004,0.7434520429875557,0.0035767296617430
-0.4729054132581004,-0.4729054132581004,-0.7434520429875557,0.0035767296617430
0.4729054132581005,0.7434520429875557,0.4729054132581004,0.0035767296617430
0.4729054132581005,-0.7434520429875557,0.4729054132581004,0.0035767296617430
0.4729054132581005,0.7434520429875557,-0.4729054132581005,0.0035767296617430
0.4729054132581005,-0.7434520429875557,-0.4729054132581005,0.0035767296617430
-0.4729054132581006,0.7434520429875556,0.4729054132581004,0.0035767296617430
-0.4729054132581006,-0.7434520429875556,0.4729054132581004,0.0035767296617430
-0.4729054132581006,0.7434520429875556,-0.4729054132581005,0.0035767296617430
-0.4729054132581006,-0.7434520429875556,-0.4729054132581005,0.0035767296617430
0.7434520429875556,0.4729054132581006,0.4729054132581004,0.0035767296617430
-0.7434520429875560,0.4729054132581002,0.4729054132581004,0.0035767296617430
0.7434520429875556,0.4729054132581006,-0.4729054132581005,0.0035767296617430
-0.7434520429875560,0.4729054132581002,-0.4729054132581005,0.0035767296617430
0.7434520429875556,-0.4729054132581006,0.4729054132581004,0.0035767296617430
-0.7434520429875560,-0.4729054132581002,0.4729054132581004,0.0035767296617430
0.7434520429875556,-0.4729054132581006,-0.4729054132581005,0.0035767296617430
-0.7434520429875560,-0.4729054132581002,-0.4729054132581005,0.0035767296617430
0.0961830852261480,0.0961830852261480,0.9907056213794081,0.0023521014136890
0.0961830852261479,0.0961830852261479,-0.9907056213794081,0.0023521014136890
0.0961830852261480,-0.0961830852261480,0.9907056213794081,0.0023521014136890
0.0961830852261479,-0.0961830852261479,-0.9907056213794081,0.0023521014136890
-0.0961830852261480,0.0961830852261480,0.9907056213794081,0.0023521014136890
-0.0961830852261479,0.0961830852261479,-0.9907056213794081,0.0023521014136890
-0.0961830852261480,-0.0961830852261480,0.9907056213794081,0.0023521014136890
-0.0961830852261479,-0.0961830852261479,-0.9907056213794081,0.0023521014136890
0.0961830852261478,0.9907056213794082,0.0961830852261478,0.0023521014136890
0.0961830852261478,-0.9907056213794082,0.0961830852261478,0.0023521014136890
0.0961830852261478,0.9907056213794082,-0.0961830852261478,0.0023521014136890
0.0961830852261478,-0.9907056213794082,-0.0961830852261478,0.0023521014136890
-0.0961830852261481,0.9907056213794081,0.0961830852261478,0.0023521014136890
-0.0961830852261481,-0.9907056213794081,0.0961830852261478,0.0023521014136890
-0.0961830852261481,0.9907056213794081,-0.0961830852261478,0.0023521014136890
-0.0961830852261481,-0.9907056213794081,-0.0961830852261478,0.0023521014136890
0.9907056213794082,0.0961830852261474,0.0961830852261478,0.0023521014136890
-0.9907056213794082,0.0961830852261471,0.0961830852261478,0.0023521014136890
0.9907056213794082,0.0961830852261474,-0.0961830852261478,0.0023521014136890
-0.9907056213794082,0.0961830852261471,-0.0961830852261478,0.0023521014136890
0.9907056213794082,-0.0961830852261474,0.0961830852261478,0.0023521014136890
-0.9907056213794082,-0.0961830852261471,0.0961830852261478,0.0023521014136890
0.9907056213794082,-0.0961830852261474,-0.0961830852261478,0.0023521014136890
-0.9907056213794082,-0.0961830852261471,-0.0961830852261478,0.0023521014136890
0.2219645236294177,0.2219645236294177,0.9494543172264431,0.0031089531224140
0.2219645236294175,0.2219645236294175,-0.9494543172264432,0.0031089531224140
0.2219645236294177,-0.2219645236294177,0.9494543172264431,0.0031089531224140
0.2219645236294175,-0.2219645236294175,-0.9494543172264432,0.0031089531224140
-0.2219645236294177,0.2219645236294177,0.9494543172264431,0.0031089531224140
-0.2219645236294175,0.2219645236294175,-0.9494543172264432,0.0031089531224140
-0.2219645236294177,-0.2219645236294177,0.9494543172264431,0.0031089531224140
-0.2219645236294175,-0.2219645236294175,-0.9494543172264432,0.0031089531224140
0.2219645236294177,0.9494543172264432,0.2219645236294177,0.0031089531224140
0.2219645236294177,-0.9494543172264432,0.2219645236294177,0.0031089531224140
0.2219645236294177,0.9494543172264431,-0.2219645236294179,0.0031089531224140
0.2219645236294177,-0.9494543172264431,-0.2219645236294179,0.0031089531224140
-0.2219645236294179,0.9494543172264431,0.2219645236294177,0.0031089531224140
-0.2219645236294179,-0.9494543172264431,0.2219645236294177,0.0031089531224140
-0.2219645236294179,0.9494543172264430,-0.2219645236294179,0.0031089531224140
-0.2219645236294179,-0.9494543172264430,-0.2219645236294179,0.0031089531224140
0.9494543172264431,0.2219645236294179,0.2219645236294177,0.0031089531224140
-0.9494543172264431,0.2219645236294182,0.2219645236294177,0.0031089531224140
0.9494543172264430,0.2219645236294179,-0.2219645236294179,0.0031089531224140
-0.9494543172264430,0.2219645236294181,-0.2219645236294179,0.0031089531224140
0.9494543172264431,-0.2219645236294179,0.2219645236294177,0.0031089531224140
-0.9494543172264431,-0.2219645236294182,0.2219645236294177,0.0031089531224140
0.9494543172264430,-0.2219645236294179,-0.2219645236294179,0.0031089531224140
-0.9494543172264430,-0.2219645236294181,-0.2219645236294179,0.0031089531224140
0.7011766416089544,0.7011766416089544,0.1292386727105144,0.0036500458076770
0.7011766416089544,0.7011766416089544,-0.1292386727105144,0.0036500458076770
0.7011766416089544,-0.7011766416089544,0.1292386727105144,0.0036500458076770
0.7011766416089544,-0.7011766416089544,-0.1292386727105144,0.0036500458076770
-0.7011766416089544,0.7011766416089544,0.1292386727105144,0.0036500458076770
-0.7011766416089544,0.7011766416089544,-0.1292386727105144,0.0036500458076770
-0.7011766416089544,-0.7011766416089544,0.1292386727105144,0.0036500458076770
-0.7011766416089544,-0.7011766416089544,-0.1292386727105144,0.0036500458076770
0.7011766416089547,0.1292386727105142,0.7011766416089545,0.0036500458076770
0.7011766416089547,-0.1292386727105142,0.7011766416089545,0.0036500458076770
0.7011766416089545,0.1292386727105142,-0.7011766416089545,0.0036500458076770
0.7011766416089545,-0.1292386727105142,-0.7011766416089545,0.0036500458076770
-0.7011766416089547,0.1292386727105142,0.7011766416089545,0.0036500458076770
-0.7011766416089547,-0.1292386727105142,0.7011766416089545,0.0036500458076770
-0.7011766416089545,0.1292386727105142,-0.7011766416089545,0.0036500458076770
-0.7011766416089545,-0.1292386727105142,-0.7011766416089545,0.0036500458076770
0.1292386727105144,0.7011766416089547,0.7011766416089545,0.0036500458076770
-0.1292386727105144,0.7011766416089547,0.7011766416089545,0.0036500458076770
0.1292386727105143,0.7011766416089545,-0.7011766416089545,0.0036500458076770
-0.1292386727105143,0.7011766416089545,-0.7011766416089545,0.0036500458076770
0.1292386727105144,-0.7011766416089547,0.7011766416089545,0.0036500458076770
-0.1292386727105144,-0.7011766416089547,0.7011766416089545,0.0036500458076770
0.1292386727105143,-0.7011766416089545,-0.7011766416089545,0.0036500458076770
-0.1292386727105143,-0.7011766416089545,-0.7011766416089545,0.0036500458076770
0.2644152887060662,0.9644089148792060,0.0000000000000000,0.0029823449631720
0.2644152887060662,-0.9644089148792060,0.0000000000000000,0.0029823449631720
-0.2644152887060665,0.9644089148792060,0.0000000000000000,0.0029823449631720
-0.2644152887060665,-0.9644089148792060,0.0000000000000000,0.0029823449631720
0.9644089148792060,0.2644152887060663,0.0000000000000000,0.0029823449631720
0.9644089148792060,-0.2644152887060663,0.0000000000000000,0.0029823449631720
-0.9644089148792060,0.2644152887060665,0.0000000000000000,0.0029823449631720
-0.9644089148792060,-0.2644152887060665,0.0000000000000000,0.0029823449631720
0.2644152887060663,0.0000000000000000,0.9644089148792060,0.0029823449631720
0.2644152887060665,0.0000000000000000,-0.9644089148792060,0.0029823449631720
-0.2644152887060663,0.0000000000000000,0.9644089148792060,0.0029823449631720
-0.2644152887060665,0.0000000000000000,-0.9644089148792060,0.0029823449631720
0.9644089148792060,0.0000000000000000,0.2644152887060662,0.0029823449631720
0.9644089148792060,0.0000000000000000,-0.2644152887060665,0.0029823449631720
-0.9644089148792060,0.0000000000000000,0.2644152887060662,0.0029823449631720
-0.9644089148792060,0.0000000000000000,-0.2644152887060665,0.0029823449631720
0.0000000000000000,0.2644152887060663,0.9644089148792060,0.0029823449631720
0.0000000000000000,0.2644152887060665,-0.9644089148792060,0.0029823449631720
0.0000000000000000,-0.2644152887060663,0.9644089148792060,0.0029823449631720
0.0000000000000000,-0.2644152887060665,-0.9644089148792060,0.0029823449631720
0.0000000000000000,0.9644089148792060,0.2644152887060662,0.0029823449631720
0.0000000000000000,0.9644089148792060,-0.2644152887060665,0.0029823449631720
0.0000000000000000,-0.9644089148792060,0.2644152887060662,0.0029823449631720
0.0000000000000000,-0.9644089148792060,-0.2644152887060665,0.0029823449631720
0.5718955891878960,0.8203264198277594,0.0000000000000000,0.0036008209322160
0.5718955891878960,-0.8203264198277594,0.0000000000000000,0.0036008209322160
-0.5718955891878960,0.8203264198277594,0.0000000000000000,0.0036008209322160
-0.5718955891878960,-0.8203264198277594,0.0000000000000000,0.0036008209322160
0.8203264198277594,0.5718955891878960,0.0000000000000000,0.0036008209322160
0.8203264198277594,-0.5718955891878960,0.0000000000000000,0.0036008209322160
-0.8203264198277592,0.5718955891878962,0.0000000000000000,0.0036008209322160
-0.8203264198277592,-0.5718955891878962,0.0000000000000000,0.0036008209322160
0.5718955891878960,0.0000000000000000,0.8203264198277594,0.0036008209322160
0.5718955891878962,0.0000000000000000,-0.8203264198277592,0.0036008209322160
-0.5718955891878960,0.0000000000000000,0.8203264198277594,0.0036008209322160
-0.5718955891878962,0.0000000000000000,-0.8203264198277592,0.0036008209322160
0.8203264198277594,0.0000000000000000,0.5718955891878960,0.0036008209322160
0.8203264198277594,0.0000000000000000,-0.5718955891878960,0.0036008209322160
-0.8203264198277594,0.0000000000000000,0.5718955891878960,0.0036008209322160
-0.8203264198277594,0.0000000000000000,-0.5718955891878960,0.0036008209322160
0.0000000000000000,0.5718955891878960,0.8203264198277594,0.0036008209322160
0.0000000000000000,0.5718955891878962,-0.8203264198277592,0.0036008209322160
0.0000000000000000,-0.5718955891878960,0.8203264198277594,0.0036008209322160
0.0000000000000000,-0.5718955891878962,-0.8203264198277592,0.0036008209322160
0.0000000000000000,0.8203264198277594,0.5718955891878960,0.0036008209322160
0.0000000000000000,0.8203264198277594,-0.5718955891878960,0.0036008209322160
0.0000000000000000,-0.8203264198277594,0.5718955891878960,0.0036008209322160
0.0000000000000000,-0.8203264198277594,-0.5718955891878960,0.0036008209322160
0.2510034751770465,0.8000727494073953,0.5448677372580774,0.0035715405542730
0.2510034751770465,0.8000727494073953,-0.5448677372580774,0.0035715405542730
0.2510034751770465,-0.8000727494073953,0.5448677372580774,0.0035715405542730
0.2510034751770465,-0.8000727494073953,-0.5448677372580774,0.0035715405542730
-0.2510034751770467,0.8000727494073951,0.5448677372580774,0.0035715405542730
-0.2510034751770467,0.8000727494073951,-0.5448677372580774,0.0035715405542730
-0.2510034751770467,-0.8000727494073951,0.5448677372580774,0.0035715405542730
-0.2510034751770467,-0.8000727494073951,-0.5448677372580774,0.0035715405542730
0.2510034751770464,0.5448677372580775,0.8000727494073951,0.0035715405542730
0.2510034751770463,0.5448677372580772,-0.8000727494073954,0.0035715405542730
0.2510034751770464,-0.5448677372580775,0.8000727494073951,0.0035715405542730
0.2510034751770463,-0.5448677372580772,-0.8000727494073954,0.0035715405542730
-0.2510034751770466,0.5448677372580774,0.8000727494073951,0.0035715405542730
-0.2510034751770465,0.5448677372580771,-0.8000727494073954,0.0035715405542730
-0.2510034751770466,-0.5448677372580774,0.8000727494073951,0.0035715405542730
-0.2510034751770465,-0.5448677372580771,-0.8000727494073954,0.0035715405542730
0.8000727494073953,0.2510034751770464,0.5448677372580774,0.0035715405542730
0.8000727494073953,0.2510034751770464,-0.5448677372580774,0.0035715405542730
0.8000727494073953,-0.2510034751770464,0.5448677372580774,0.0035715405542730
0.8000727494073953,-0.2510034751770464,-0.5448677372580774,0.0035715405542730
-0.8000727494073953,0.2510034751770465,0.5448677372580774,0.0035715405542730
-0.8000727494073953,0.2510034751770465,-0.5448677372580774,0.0035715405542730
-0.8000727494073953,-0.2510034751770465,0.5448677372580774,0.0035715405542730
-0.8000727494073953,-0.2510034751770465,-0.5448677372580774,0.0035715405542730
0.8000727494073951,0.5448677372580775,0.2510034751770465,0.0035715405542730
0.8000727494073951,0.5448677372580775,-0.2510034751770465,0.0035715405542730
0.8000727494073951,-0.5448677372580775,0.2510034751770465,0.0035715405542730
0.8000727494073951,-0.5448677372580775,-0.2510034751770465,0.0035715405542730
-0.8000727494073951,0.5448677372580775,0.2510034751770465,0.0035715405542730
-0.8000727494073951,0.5448677372580775,-0.2510034751770465,0.0035715405542730
-0.8000727494073951,-0.5448677372580775,0.2510034751770465,0.0035715405542730
-0.8000727494073951,-0.5448677372580775,-0.2510034751770465,0.0035715405542730
0.5448677372580774,0.2510034751770465,0.8000727494073951,0.0035715405542730
0.5448677372580771,0.2510034751770464,-0.8000727494073954,0.0035715405542730
0.5448677372580774,-0.2510034751770465,0.8000727494073951,0.0035715405542730
0.5448677372580771,-0.2510034751770464,-0.8000727494073954,0.0035715405542730
-0.5448677372580775,0.2510034751770464,0.8000727494073951,0.0035715405542730
-0.5448677372580772,0.2510034751770463,-0.8000727494073954,0.0035715405542730
-0.5448677372580775,-0.2510034751770464,0.8000727494073951,0.0035715405542730
-0.5448677372580772,-0.2510034751770463,-0.8000727494073954,0.0035715405542730
0.5448677372580774,0.8000727494073951,0.2510034751770465,0.0035715405542730
0.5448677372580774,0.8000727494073951,-0.2510034751770465,0.0035715405542730
0.5448677372580774,-0.8000727494073951,0.2510034751770465,0.0035715405542730
0.5448677372580774,-0.8000727494073951,-0.2510034751770465,0.0035715405542730
-0.5448677372580772,0.8000727494073953,0.2510034751770465,0.0035715405542730
-0.5448677372580772,0.8000727494073953,-0.2510034751770465,0.0035715405542730
-0.5448677372580772,-0.8000727494073953,0.2510034751770465,0.0035715405542730
-0.5448677372580772,-0.8000727494073953,-0.2510034751770465,0.0035715405542730
0.1233548532583327,0.4127724083168531,0.9024425295330004,0.0033923122050060
0.1233548532583327,0.4127724083168531,-0.9024425295330004,0.0033923122050060
0.1233548532583327,-0.4127724083168531,0.9024425295330004,0.0033923122050060
0.1233548532583327,-0.4127724083168531,-0.9024425295330004,0.0033923122050060
-0.1233548532583327,0.4127724083168531,0.9024425295330004,0.0033923122050060
-0.1233548532583327,0.4127724083168531,-0.9024425295330004,0.0033923122050060
-0.1233548532583327,-0.4127724083168531,0.9024425295330004,0.0033923122050060
-0.1233548532583327,-0.4127724083168531,-0.9024425295330004,0.0033923122050060
0.1233548532583326,0.9024425295330005,0.4127724083168530,0.0033923122050060
0.1233548532583326,0.9024425295330004,-0.4127724083168532,0.0033923122050060
0.1233548532583326,-0.9024425295330005,0.4127724083168530,0.0033923122050060
0.1233548532583326,-0.9024425295330004,-0.4127724083168532,0.0033923122050060
-0.1233548532583326,0.9024425295330005,0.4127724083168530,0.0033923122050060
-0.1233548532583326,0.9024425295330004,-0.4127724083168532,0.0033923122050060
-0.1233548532583326,-0.9024425295330005,0.4127724083168530,0.0033923122050060
-0.1233548532583326,-0.9024425295330004,-0.4127724083168532,0.0033923122050060
0.4127724083168531,0.1233548532583327,0.9024425295330004,0.0033923122050060
0.4127724083168531,0.1233548532583327,-0.9024425295330004,0.0033923122050060
0.4127724083168531,-0.1233548532583327,0.9024425295330004,0.0033923122050060
0.4127724083168531,-0.1233548532583327,-0.9024425295330004,0.0033923122050060
-0.4127724083168531,0.1233548532583326,0.9024425295330004,0.0033923122050060
-0.4127724083168531,0.1233548532583326,-0.9024425295330004,0.0033923122050060
-0.4127724083168531,-0.1233548532583326,0.9024425295330004,0.0033923122050060
-0.4127724083168531,-0.1233548532583326,-0.9024425295330004,0.0033923122050060
0.4127724083168531,0.9024425295330004,0.1233548532583326,0.0033923122050060
0.4127724083168530,0.9024425295330003,-0.1233548532583329,0.0033923122050060
0.4127724083168531,-0.9024425295330004,0.1233548532583326,0.0033923122050060
0.4127724083168530,-0.9024425295330003,-0.1233548532583329,0.0033923122050060
-0.4127724083168531,0.9024425295330004,0.1233548532583326,0.0033923122050060
-0.4127724083168530,0.9024425295330003,-0.1233548532583329,0.0033923122050060
-0.4127724083168531,-0.9024425295330004,0.1233548532583326,0.0033923122050060
-0.4127724083168530,-0.9024425295330003,-0.1233548532583329,0.0033923122050060
0.9024425295330005,0.1233548532583327,0.4127724083168530,0.0033923122050060
0.9024425295330004,0.1233548532583326,-0.4127724083168532,0.0033923122050060
0.9024425295330005,-0.1233548532583327,0.4127724083168530,0.0033923122050060
0.9024425295330004,-0.1233548532583326,-0.4127724083168532,0.0033923122050060
-0.9024425295330005,0.1233548532583324,0.4127724083168530,0.0033923122050060
-0.9024425295330004,0.1233548532583324,-0.4127724083168532,0.0033923122050060
-0.9024425295330005,-0.1233548532583324,0.4127724083168530,0.0033923122050060
-0.9024425295330004,-0.1233548532583324,-0.4127724083168532,0.0033923122050060
0.9024425295330004,0.4127724083168531,0.1233548532583326,0.0033923122050060
0.9024425295330003,0.4127724083168530,-0.1233548532583329,0.0033923122050060
0.9024425295330004,-0.4127724083168531,0.1233548532583326,0.0033923122050060
0.9024425295330003,-0.4127724083168530,-0.1233548532583329,0.0033923122050060
-0.9024425295330004,0.4127724083168531,0.1233548532583326,0.0033923122050060
-0.9024425295330003,0.4127724083168530,-0.1233548532583329,0.0033923122050060
-0.9024425295330004,-0.4127724083168531,0.1233548532583326,0.0033923122050060
-0.9024425295330003,-0.4127724083168530,-0.1233548532583329,0.0033923122050060
