1.0000000000000000,0.0000000000000000,0.0000000000000000,0.0001105189233270
-1.0000000000000000,0.0000000000000000,0.0000000000000000,0.0001105189233270
0.0000000000000000,1.0000000000000000,0.0000000000000000,0.0001105189233270
0.0000000000000000,-1.0000000000000000,0.0000000000000000,0.0001105189233270
0.0000000000000000,0.0000000000000000,1.0000000000000000,0.0001105189233270
0.0000000000000000,0.0000000000000000,-1.0000000000000000,0.0001105189233270
0.0000000000000000,0.7071067811865477,0.7071067811865475,0.0009205232738090
0.0000000000000000,0.7071067811865475,-0.7071067811865475,0.0009205232738090
0.0000000000000000,-0.7071067811865477,0.7071067811865475,0.0009205232738090
0.0000000000000000,-0.7071067811865475,-0.7071067811865475,0.0009205232738090
0.7071067811865477,0.0000000000000000,0.7071067811865475,0.0009205232738090
0.7071067811865475,0.0000000000000000,-0.7071067811865475,0.0009205232738090
-0.7071067811865477,0.0000000000000000,0.7071067811865475,0.0009205232738090
-0.7071067811865475,0.0000000000000000,-0.7071067811865475,0.0009205232738090
0.7071067811865475,0.7071067811865475,0.0000000000000000,0.0009205232738090
0.7071067811865475,-0.7071067811865475,0.0000000000000000,0.0009205232738090
-0.7071067811865475,0.7071067811865475,0.0000000000000000,0.0009205232738090
-0.7071067811865475,-0.7071067811865475,0.0000000000000000,0.0009205232738090
0.5773502691896257,0.5773502691896257,0.5773502691896257,0.0009133159786440
0.5773502691896257,0.5773502691896257,-0.5773502691896257,0.0009133159786440
0.5773502691896257,-0.5773502691896257,0.5773502691896257,0.0009133159786440
0.5773502691896257,-0.5773502691896257,-0.5773502691896257,0.0009133159786440
-0.5773502691896257,0.5773502691896257,0.5773502691896257,0.0009133159786440
-0.5773502691896257,0.5773502691896257,-0.5773502691896257,0.0009133159786440
-0.5773502691896257,-0.5773502691896257,0.5773502691896257,0.0009133159786440
-0.5773502691896257,-0.5773502691896257,-0.5773502691896257,0.0009133159786440
0.0371263644965705,0.0371263644965705,0.9986206817999193,0.0003690421898020
0.0371263644965703,0.0371263644965703,-0.9986206817999193,0.0003690421898020
0.0371263644965705,-0.0371263644965705,0.9986206817999193,0.0003690421898020
0.0371263644965703,-0.0371263644965703,-0.9986206817999193,0.0003690421898020
-0.0371263644965705,0.0371263644965705,0.9986206817999193,0.0003690421898020
-0.0371263644965703,0.0371263644965703,-0.9986206817999193,0.0003690421898020
-0.0371263644965705,-0.0371263644965705,0.9986206817999193,0.0003690421898020
-0.0371263644965703,-0.0371263644965703,-0.9986206817999193,0.0003690421898020
0.0371263644965709,0.9986206817999193,0.0371263644965710,0.0003690421898020
0.0371263644965709,-0.9986206817999193,0.0371263644965710,0.0003690421898020
0.0371263644965709,0.9986206817999193,-0.0371263644965710,0.0003690421898020
0.0371263644965709,-0.9986206817999193,-0.0371263644965710,0.0003690421898020
-0.0371263644965709,0.9986206817999193,0.0371263644965710,0.0003690421898020
-0.0371263644965709,-0.9986206817999193,0.0371263644965710,0.0003690421898020
-0.0371263644965709,0.9986206817999193,-0.0371263644965710,0.0003690421898020
-0.0371263644965709,-0.9986206817999193,-0.0371263644965710,0.0003690421898020
0.9986206817999193,0.0371263644965702,0.0371263644965710,0.0003690421898020
-0.9986206817999193,0.0371263644965699,0.0371263644965710,0.0003690421898020
0.9986206817999193,0.0371263644965702,-0.0371263644965710,0.0003690421898020
-0.9986206817999193,0.0371263644965699,-0.0371263644965710,0.0003690421898020
0.9986206817999193,-0.0371263644965702,0.0371263644965710,0.0003690421898020
-0.9986206817999193,-0.0371263644965699,0.0371263644965710,0.0003690421898020
0.9986206817999193,-0.0371263644965702,-0.0371263644965710,0.0003690421898020
-0.9986206817999193,-0.0371263644965699,-0.0371263644965710,0.0003690421898020
0.0914006041226219,0.0914006041226219,0.9916107397220139,0.0005603990928680
0.0914006041226218,0.0914006041226218,-0.9916107397220139,0.0005603990928680
0.0914006041226219,-0.0914006041226219,0.9916107397220139,0.0005603990928680
0.0914006041226218,-0.0914006041226218,-0.9916107397220139,0.0005603990928680
-0.0914006041226219,0.0914006041226219,0.9916107397220139,0.0005603990928680
-0.0914006041226218,0.0914006041226218,-0.9916107397220139,0.0005603990928680
-0.0914006041226219,-0.0914006041226219,0.9916107397220139,0.0005603990928680
-0.0914006041226218,-0.0914006041226218,-0.9916107397220139,0.0005603990928680
0.0914006041226223,0.9916107397220137,0.0914006041226223,0.0005603990928680
0.0914006041226223,-0.9916107397220137,0.0914006041226223,0.0005603990928680
0.0914006041226223,0.9916107397220137,-0.0914006041226223,0.0005603990928680
0.0914006041226223,-0.9916107397220137,-0.0914006041226223,0.0005603990928680
-0.0914006041226223,0.9916107397220137,0.0914006041226223,0.0005603990928680
-0.0914006041226223,-0.9916107397220137,0.0914006041226223,0.0005603990928680
-0.0914006041226223,0.9916107397220137,-0.0914006041226223,0.0005603990928680
-0.0914006041226223,-0.9916107397220137,-0.0914006041226223,0.0005603990928680
0.9916107397220139,0.0914006041226216,0.0914006041226223,0.0005603990928680
-0.9916107397220139,0.0914006041226216,0.0914006041226223,0.0005603990928680
0.9916107397220139,0.0914006041226216,-0.0914006041226223,0.0005603990928680
-0.9916107397220139,0.0914006041226216,-0.0914006041226223,0.0005603990928680
0.9916107397220139,-0.0914006041226216,0.0914006041226223,0.0005603990928680
-0.9916107397220139,-0.0914006041226216,0.0914006041226223,0.0005603990928680
0.9916107397220139,-0.0914006041226216,-0.0914006041226223,0.0005603990928680
-0.9916107397220139,-0.0914006041226216,-0.0914006041226223,0.0005603990928680
0.1531077852469906,0.1531077852469906,0.9762766063946851,0.0006865297629280
0.1531077852469903,0.1531077852469903,-0.9762766063946852,0.0006865297629280
0.1531077852469906,-0.1531077852469906,0.9762766063946851,0.0006865297629280
0.1531077852469903,-0.1531077852469903,-0.9762766063946852,0.0006865297629280
-0.1531077852469906,0.1531077852469906,0.9762766063946851,0.0006865297629280
-0.1531077852469903,0.1531077852469903,-0.9762766063946852,0.0006865297629280
-0.1531077852469906,-0.1531077852469906,0.9762766063946851,0.0006865297629280
-0.1531077852469903,-0.1531077852469903,-0.9762766063946852,0.0006865297629280
0.1531077852469906,0.9762766063946851,0.1531077852469906,0.0006865297629280
0.1531077852469906,-0.9762766063946851,0.1531077852469906,0.0006865297629280
0.1531077852469906,0.9762766063946851,-0.1531077852469906,0.0006865297629280
0.1531077852469906,-0.9762766063946851,-0.1531077852469906,0.0006865297629280
-0.1531077852469906,0.9762766063946851,0.1531077852469906,0.0006865297629280
-0.1531077852469906,-0.9762766063946851,0.1531077852469906,0.0006865297629280
-0.1531077852469906,0.9762766063946851,-0.1531077852469906,0.0006865297629280
-0.1531077852469906,-0.9762766063946851,-0.1531077852469906,0.0006865297629280
0.9762766063946851,0.1531077852469909,0.1531077852469906,0.0006865297629280
-0.9762766063946851,0.1531077852469906,0.1531077852469906,0.0006865297629280
0.9762766063946851,0.1531077852469909,-0.1531077852469906,0.0006865297629280
-0.9762766063946851,0.1531077852469906,-0.1531077852469906,0.0006865297629280
0.9762766063946851,-0.1531077852469909,0.1531077852469906,0.0006865297629280
-0.9762766063946851,-0.1531077852469906,0.1531077852469906,0.0006865297629280
0.9762766063946851,-0.1531077852469909,-0.1531077852469906,0.0006865297629280
-0.9762766063946851,-0.1531077852469906,-0.1531077852469906,0.0006865297629280
0.2180928891660611,0.2180928891660611,0.9512470674805785,0.0007720338551150
0.2180928891660614,0.2180928891660614,-0.9512470674805784,0.0007720338551150
0.2180928891660611,-0.2180928891660611,0.9512470674805785,0.0007720338551150
0.2180928891660614,-0.2180928891660614,-0.9512470674805784,0.0007720338551150
-0.2180928891660611,0.2180928891660611,0.9512470674805785,0.0007720338551150
-0.2180928891660614,0.2180928891660614,-0.9512470674805784,0.0007720338551150
-0.2180928891660611,-0.2180928891660611,0.9512470674805785,0.0007720338551150
-0.2180928891660614,-0.2180928891660614,-0.9512470674805784,0.0007720338551150
0.2180928891660610,0.9512470674805785,0.2180928891660612,0.0007720338551150
0.2180928891660610,-0.9512470674805785,0.2180928891660612,0.0007720338551150
0.2180928891660610,0.9512470674805785,-0.2180928891660612,0.0007720338551150
0.2180928891660610,-0.9512470674805785,-0.2180928891660612,0.0007720338551150
-0.2180928891660613,0.9512470674805784,0.2180928891660612,0.0007720338551150
-0.2180928891660613,-0.9512470674805784,0.2180928891660612,0.0007720338551150
-0.2180928891660613,0.9512470674805784,-0.2180928891660612,0.0007720338551150
-0.2180928891660613,-0.9512470674805784,-0.2180928891660612,0.0007720338551150
0.9512470674805785,0.2180928891660609,0.2180928891660612,0.0007720338551150
-0.9512470674805786,0.2180928891660606,0.2180928891660612,0.0007720338551150
0.9512470674805785,0.2180928891660609,-0.2180928891660612,0.0007720338551150
-0.9512470674805786,0.2180928891660606,-0.2180928891660612,0.0007720338551150
0.9512470674805785,-0.2180928891660609,0.2180928891660612,0.0007720338551150
-0.9512470674805786,-0.2180928891660606,0.2180928891660612,0.0007720338551150
0.9512470674805785,-0.2180928891660609,-0.2180928891660612,0.0007720338551150
-0.9512470674805786,-0.2180928891660606,-0.2180928891660612,0.0007720338551150
0.2839874532200174,0.2839874532200174,0.9158068862086683,0.0008301545958890
0.2839874532200176,0.2839874532200176,-0.9158068862086682,0.0008301545958890
0.2839874532200174,-0.2839874532200174,0.9158068862086683,0.0008301545958890
0.2839874532200176,-0.2839874532200176,-0.9158068862086682,0.0008301545958890
-0.2839874532200174,0.2839874532200174,0.9158068862086683,0.0008301545958890
-0.2839874532200176,0.2839874532200176,-0.9158068862086682,0.0008301545958890
-0.2839874532200174,-0.2839874532200174,0.9158068862086683,0.0008301545958890
-0.2839874532200176,-0.2839874532200176,-0.9158068862086682,0.0008301545958890
0.2839874532200174,0.9158068862086683,0.2839874532200174,0.0008301545958890
0.2839874532200174,-0.9158068862086683,0.2839874532200174,0.0008301545958890
0.2839874532200174,0.9158068862086683,-0.2839874532200174,0.0008301545958890
0.2839874532200174,-0.9158068862086683,-0.2839874532200174,0.0008301545958890
-0.2839874532200174,0.9158068862086683,0.2839874532200174,0.0008301545958890
-0.2839874532200174,-0.9158068862086683,0.2839874532200174,0.0008301545958890
-0.2839874532200174,0.9158068862086683,-0.2839874532200174,0.0008301545958890
-0.2839874532200174,-0.9158068862086683,-0.2839874532200174,0.0008301545958890
0.9158068862086682,0.2839874532200178,0.2839874532200174,0.0008301545958890
-0.9158068862086682,0.2839874532200177,0.2839874532200174,0.0008301545958890
0.9158068862086682,0.2839874532200178,-0.2839874532200174,0.0008301545958890
-0.9158068862086682,0.2839874532200177,-0.2839874532200174,0.0008301545958890
0.9158068862086682,-0.2839874532200178,0.2839874532200174,0.0008301545958890
-0.9158068862086682,-0.2839874532200177,0.2839874532200174,0.0008301545958890
0.9158068862086682,-0.2839874532200178,-0.2839874532200174,0.0008301545958890
-0.9158068862086682,-0.2839874532200177,-0.2839874532200174,0.0008301545958890
0.3491177600963763,0.3491177600963763,0.8696169151819542,0.0008686692550180
0.3491177600963762,0.3491177600963762,-0.8696169151819543,0.0008686692550180
0.3491177600963763,-0.3491177600963763,0.8696169151819542,0.0008686692550180
0.3491177600963762,-0.3491177600963762,-0.8696169151819543,0.0008686692550180
-0.3491177600963763,0.3491177600963763,0.8696169151819542,0.0008686692550180
-0.3491177600963762,0.3491177600963762,-0.8696169151819543,0.0008686692550180
-0.3491177600963763,-0.3491177600963763,0.8696169151819542,0.0008686692550180
-0.3491177600963762,-0.3491177600963762,-0.8696169151819543,0.0008686692550180
0.3491177600963764,0.8696169151819541,0.3491177600963764,0.0008686692550180
0.3491177600963764,-0.8696169151819541,0.3491177600963764,0.0008686692550180
0.3491177600963764,0.8696169151819541,-0.3491177600963764,0.0008686692550180
0.3491177600963764,-0.8696169151819541,-0.3491177600963764,0.0008686692550180
-0.3491177600963764,0.8696169151819541,0.3491177600963764,0.0008686692550180
-0.3491177600963764,-0.8696169151819541,0.3491177600963764,0.0008686692550180
-0.3491177600963764,0.8696169151819541,-0.3491177600963764,0.0008686692550180
-0.3491177600963764,-0.8696169151819541,-0.3491177600963764,0.0008686692550180
0.8696169151819542,0.3491177600963761,0.3491177600963764,0.0008686692550180
-0.8696169151819544,0.3491177600963758,0.3491177600963764,0.0008686692550180
0.8696169151819542,0.3491177600963761,-0.3491177600963764,0.0008686692550180
-0.8696169151819544,0.3491177600963758,-0.3491177600963764,0.0008686692550180
0.8696169151819542,-0.3491177600963761,0.3491177600963764,0.0008686692550180
-0.8696169151819544,-0.3491177600963758,0.3491177600963764,0.0008686692550180
0.8696169151819542,-0.3491177600963761,-0.3491177600963764,0.0008686692550180
-0.8696169151819544,-0.3491177600963758,-0.3491177600963764,0.0008686692550180
0.4121431461444309,0.4121431461444310,0.8125737222999156,0.0008927076285850
0.4121431461444309,0.4121431461444310,-0.8125737222999156,0.0008927076285850
0.4121431461444309,-0.4121431461444310,0.8125737222999156,0.0008927076285850
0.4121431461444309,-0.4121431461444310,-0.8125737222999156,0.0008927076285850
-0.4121431461444309,0.4121431461444309,0.8125737222999156,0.0008927076285850
-0.4121431461444309,0.4121431461444309,-0.8125737222999156,0.0008927076285850
-0.4121431461444309,-0.4121431461444309,0.8125737222999156,0.0008927076285850
-0.4121431461444309,-0.4121431461444309,-0.8125737222999156,0.0008927076285850
0.4121431461444309,0.8125737222999156,0.4121431461444310,0.0008927076285850
0.4121431461444309,-0.8125737222999156,0.4121431461444310,0.0008927076285850
0.4121431461444308,0.8125737222999156,-0.4121431461444312,0.0008927076285850
0.4121431461444308,-0.8125737222999156,-0.4121431461444312,0.0008927076285850
-0.4121431461444310,0.8125737222999156,0.4121431461444310,0.0008927076285850
-0.4121431461444310,-0.8125737222999156,0.4121431461444310,0.0008927076285850
-0.4121431461444309,0.8125737222999155,-0.4121431461444312,0.0008927076285850
-0.4121431461444309,-0.8125737222999155,-0.4121431461444312,0.0008927076285850
0.8125737222999156,0.4121431461444310,0.4121431461444310,0.0008927076285850
-0.8125737222999156,0.4121431461444310,0.4121431461444310,0.0008927076285850
0.8125737222999155,0.4121431461444310,-0.4121431461444312,0.0008927076285850
-0.8125737222999155,0.4121431461444309,-0.4121431461444312,0.0008927076285850
0.8125737222999156,-0.4121431461444310,0.4121431461444310,0.0008927076285850
-0.8125737222999156,-0.4121431461444310,0.4121431461444310,0.0008927076285850
0.8125737222999155,-0.4121431461444310,-0.4121431461444312,0.0008927076285850
-0.8125737222999155,-0.4121431461444309,-0.4121431461444312,0.0008927076285850
0.4718993627149126,0.4718993627149127,0.7447294696321065,0.0009060820238570
0.4718993627149127,0.4718993627149128,-0.7447294696321064,0.0009060820238570
0.4718993627149126,-0.4718993627149127,0.7447294696321065,0.0009060820238570
0.4718993627149127,-0.4718993627149128,-0.7447294696321064,0.0009060820238570
-0.4718993627149126,0.4718993627149126,0.7447294696321065,0.0009060820238570
-0.4718993627149127,0.4718993627149127,-0.7447294696321064,0.0009060820238570
-0.4718993627149126,-0.4718993627149126,0.7447294696321065,0.0009060820238570
-0.4718993627149127,-0.4718993627149127,-0.7447294696321064,0.0009060820238570
0.4718993627149127,0.7447294696321065,0.4718993627149126,0.0009060820238570
0.4718993627149127,-0.7447294696321065,0.4718993627149126,0.0009060820238570
0.4718993627149126,0.7447294696321064,-0.4718993627149128,0.0009060820238570
0.4718993627149126,-0.7447294696321064,-0.4718993627149128,0.0009060820238570
-0.4718993627149128,0.7447294696321064,0.4718993627149126,0.0009060820238570
-0.4718993627149128,-0.7447294696321064,0.4718993627149126,0.0009060820238570
-0.4718993627149128,0.7447294696321063,-0.4718993627149128,0.0009060820238570
-0.4718993627149128,-0.7447294696321063,-0.4718993627149128,0.0009060820238570
0.7447294696321064,0.4718993627149128,0.4718993627149126,0.0009060820238570
-0.7447294696321063,0.4718993627149131,0.4718993627149126,0.0009060820238570
0.7447294696321063,0.4718993627149128,-0.4718993627149128,0.0009060820238570
-0.7447294696321062,0.4718993627149130,-0.4718993627149128,0.0009060820238570
0.7447294696321064,-0.4718993627149128,0.4718993627149126,0.0009060820238570
-0.7447294696321063,-0.4718993627149131,0.4718993627149126,0.0009060820238570
0.7447294696321063,-0.4718993627149128,-0.4718993627149128,0.0009060820238570
-0.7447294696321062,-0.4718993627149130,-0.4718993627149128,0.0009060820238570
0.5273145452842337,0.5273145452842337,0.6662422537361044,0.0009119777254940
0.5273145452842337,0.5273145452842337,-0.6662422537361044,0.0009119777254940
0.5273145452842337,-0.5273145452842337,0.6662422537361044,0.0009119777254940
0.5273145452842337,-0.5273145452842337,-0.6662422537361044,0.0009119777254940
-0.5273145452842337,0.5273145452842337,0.6662422537361044,0.0009119777254940
-0.5273145452842337,0.5273145452842337,-0.6662422537361044,0.0009119777254940
-0.5273145452842337,-0.5273145452842337,0.6662422537361044,0.0009119777254940
-0.5273145452842337,-0.5273145452842337,-0.6662422537361044,0.0009119777254940
0.5273145452842336,0.6662422537361046,0.5273145452842336,0.0009119777254940
0.5273145452842336,-0.6662422537361046,0.5273145452842336,0.0009119777254940
0.5273145452842335,0.6662422537361045,-0.5273145452842338,0.0009119777254940
0.5273145452842335,-0.6662422537361045,-0.5273145452842338,0.0009119777254940
-0.5273145452842338,0.6662422537361042,0.5273145452842336,0.0009119777254940
-0.5273145452842338,-0.6662422537361042,0.5273145452842336,0.0009119777254940
-0.5273145452842338,0.6662422537361041,-0.5273145452842338,0.0009119777254940
-0.5273145452842338,-0.6662422537361041,-0.5273145452842338,0.0009119777254940
0.6662422537361044,0.5273145452842337,0.5273145452842336,0.0009119777254940
-0.6662422537361042,0.5273145452842338,0.5273145452842336,0.0009119777254940
0.6662422537361042,0.5273145452842337,-0.5273145452842338,0.0009119777254940
-0.6662422537361041,0.5273145452842338,-0.5273145452842338,0.0009119777254940
0.6662422537361044,-0.5273145452842337,0.5273145452842336,0.0009119777254940
-0.6662422537361042,-0.5273145452842338,0.5273145452842336,0.0009119777254940
0.6662422537361042,-0.5273145452842337,-0.5273145452842338,0.0009119777254940
-0.6662422537361041,-0.5273145452842338,-0.5273145452842338,0.0009119777254940
0.6209475332444019,0.6209475332444019,0.4783809380769521,0.0009128720138600
0.6209475332444019,0.6209475332444019,-0.4783809380769521,0.0009128720138600
0.6209475332444019,-0.6209475332444019,0.4783809380769521,0.0009128720138600
0.6209475332444019,-0.6209475332444019,-0.4783809380769521,0.0009128720138600
-0.6209475332444019,0.6209475332444019,0.4783809380769521,0.0009128720138600
-0.6209475332444019,0.6209475332444019,-0.4783809380769521,0.0009128720138600
-0.6209475332444019,-0.6209475332444019,0.4783809380769521,0.0009128720138600
-0.6209475332444019,-0.6209475332444019,-0.4783809380769521,0.0009128720138600
0.6209475332444020,0.4783809380769522,0.6209475332444018,0.0009128720138600
0.6209475332444020,-0.4783809380769522,0.6209475332444018,0.0009128720138600
0.6209475332444018,0.4783809380769521,-0.6209475332444021,0.0009128720138600
0.6209475332444018,-0.4783809380769521,-0.6209475332444021,0.0009128720138600
-0.6209475332444021,0.4783809380769520,0.6209475332444018,0.0009128720138600
-0.6209475332444021,-0.4783809380769520,0.6209475332444018,0.0009128720138600
-0.6209475332444020,0.4783809380769519,-0.6209475332444021,0.0009128720138600
-0.6209475332444020,-0.4783809380769519,-0.6209475332444021,0.0009128720138600
0.4783809380769524,0.6209475332444019,0.6209475332444018,0.0009128720138600
-0.4783809380769524,0.6209475332444019,0.6209475332444018,0.0009128720138600
0.4783809380769523,0.6209475332444017,-0.6209475332444021,0.0009128720138600
-0.4783809380769523,0.6209475332444017,-0.6209475332444021,0.0009128720138600
0.4783809380769524,-0.6209475332444019,0.6209475332444018,0.0009128720138600
-0.4783809380769524,-0.6209475332444019,0.6209475332444018,0.0009128720138600
0.4783809380769523,-0.6209475332444017,-0.6209475332444021,0.0009128720138600
-0.4783809380769523,-0.6209475332444017,-0.6209475332444021,0.0009128720138600
0.6569722711857290,0.6569722711857292,0.3698308664594259,0.0009130714935690
0.6569722711857290,0.6569722711857292,-0.3698308664594259,0.0009130714935690
0.6569722711857290,-0.6569722711857292,0.3698308664594259,0.0009130714935690
0.6569722711857290,-0.6569722711857292,-0.3698308664594259,0.0009130714935690
-0.6569722711857290,0.6569722711857290,0.3698308664594259,0.0009130714935690
-0.6569722711857290,0.6569722711857290,-0.3698308664594259,0.0009130714935690
-0.6569722711857290,-0.6569722711857290,0.3698308664594259,0.0009130714935690
-0.6569722711857290,-0.6569722711857290,-0.3698308664594259,0.0009130714935690
0.6569722711857291,0.3698308664594258,0.6569722711857291,0.0009130714935690
0.6569722711857291,-0.3698308664594258,0.6569722711857291,0.0009130714935690
0.6569722711857291,0.3698308664594258,-0.6569722711857291,0.0009130714935690
0.6569722711857291,-0.3698308664594258,-0.6569722711857291,0.0009130714935690
-0.6569722711857290,0.3698308664594259,0.6569722711857291,0.0009130714935690
-0.6569722711857290,-0.3698308664594259,0.6569722711857291,0.0009130714935690
-0.6569722711857290,0.3698308664594259,-0.6569722711857291,0.0009130714935690
-0.6569722711857290,-0.3698308664594259,-0.6569722711857291,0.0009130714935690
0.3698308664594258,0.6569722711857291,0.6569722711857291,0.0009130714935690
-0.3698308664594258,0.6569722711857291,0.6569722711857291,0.0009130714935690
0.3698308664594258,0.6569722711857291,-0.6569722711857291,0.0009130714935690
-0.3698308664594258,0.6569722711857291,-0.6569722711857291,0.0009130714935690
0.3698308664594258,-0.6569722711857291,0.6569722711857291,0.0009130714935690
-0.3698308664594258,-0.6569722711857291,0.6569722711857291,0.0009130714935690
0.3698308664594258,-0.6569722711857291,-0.6569722711857291,0.0009130714935690
-0.3698308664594258,-0.6569722711857291,-0.6569722711857291,0.0009130714935690
0.6841788309070143,0.6841788309070145,0.2525839557007181,0.0009152873784550
0.6841788309070141,0.6841788309070144,-0.2525839557007183,0.0009152873784550
0.6841788309070143,-0.6841788309070145,0.2525839557007181,0.0009152873784550
0.6841788309070141,-0.6841788309070144,-0.2525839557007183,0.0009152873784550
-0.6841788309070143,0.6841788309070143,0.2525839557007181,0.0009152873784550
-0.6841788309070141,0.6841788309070141,-0.2525839557007183,0.0009152873784550
-0.6841788309070143,-0.6841788309070143,0.2525839557007181,0.0009152873784550
-0.6841788309070141,-0.6841788309070141,-0.2525839557007183,0.0009152873784550
0.6841788309070144,0.2525839557007182,0.6841788309070143,0.0009152873784550
0.6841788309070144,-0.2525839557007182,0.6841788309070143,0.0009152873784550
0.6841788309070144,0.2525839557007182,-0.6841788309070143,0.0009152873784550
0.6841788309070144,-0.2525839557007182,-0.6841788309070143,0.0009152873784550
-0.6841788309070145,0.2525839557007179,0.6841788309070143,0.0009152873784550
-0.6841788309070145,-0.2525839557007179,0.6841788309070143,0.0009152873784550
-0.6841788309070145,0.2525839557007179,-0.6841788309070143,0.0009152873784550
-0.6841788309070145,-0.2525839557007179,-0.6841788309070143,0.0009152873784550
0.2525839557007182,0.6841788309070144,0.6841788309070143,0.0009152873784550
-0.2525839557007184,0.6841788309070143,0.6841788309070143,0.0009152873784550
0.2525839557007182,0.6841788309070144,-0.6841788309070143,0.0009152873784550
-0.2525839557007184,0.6841788309070143,-0.6841788309070143,0.0009152873784550
0.2525839557007182,-0.6841788309070144,0.6841788309070143,0.0009152873784550
-0.2525839557007184,-0.6841788309070143,0.6841788309070143,0.0009152873784550
0.2525839557007182,-0.6841788309070144,-0.6841788309070143,0.0009152873784550
-0.2525839557007184,-0.6841788309070143,-0.6841788309070143,0.0009152873784550
0.7012604330123630,0.7012604330123630,0.1283261866597228,0.0009187436274320
0.7012604330123630,0.7012604330123630,-0.1283261866597231,0.0009187436274320
0.7012604330123630,-0.7012604330123630,0.1283261866597228,0.0009187436274320
0.7012604330123630,-0.7012604330123630,-0.1283261866597231,0.0009187436274320
-0.7012604330123630,0.7012604330123630,0.1283261866597228,0.0009187436274320
-0.7012604330123630,0.7012604330123630,-0.1283261866597231,0.0009187436274320
-0.7012604330123630,-0.7012604330123630,0.1283261866597228,0.0009187436274320
-0.7012604330123630,-0.7012604330123630,-0.1283261866597231,0.0009187436274320
0.7012604330123632,0.1283261866597226,0.7012604330123631,0.0009187436274320
0.7012604330123632,-0.1283261866597226,0.7012604330123631,0.0009187436274320
0.7012604330123632,0.1283261866597226,-0.7012604330123631,0.0009187436274320
0.7012604330123632,-0.1283261866597226,-0.7012604330123631,0.0009187436274320
-0.7012604330123632,0.1283261866597226,0.7012604330123631,0.0009187436274320
-0.7012604330123632,-0.1283261866597226,0.7012604330123631,0.0009187436274320
-0.7012604330123632,0.1283261866597226,-0.7012604330123631,0.0009187436274320
-0.7012604330123632,-0.1283261866597226,-0.7012604330123631,0.0009187436274320
0.1283261866597230,0.7012604330123632,0.7012604330123631,0.0009187436274320
-0.1283261866597232,0.7012604330123632,0.7012604330123631,0.0009187436274320
0.1283261866597230,0.7012604330123632,-0.7012604330123631,0.0009187436274320
-0.1283261866597232,0.7012604330123632,-0.7012604330123631,0.0009187436274320
0.1283261866597230,-0.7012604330123632,0.7012604330123631,0.0009187436274320
-0.1283261866597232,-0.7012604330123632,0.7012604330123631,0.0009187436274320
0.1283261866597230,-0.7012604330123632,-0.7012604330123631,0.0009187436274320
-0.1283261866597232,-0.7012604330123632,-0.7012604330123631,0.0009187436274320
0.1072382215478164,0.9942333548213224,0.0000000000000000,0.0005176977312970
0.1072382215478164,-0.9942333548213224,0.0000000000000000,0.0005176977312970
-0.1072382215478166,0.9942333548213224,0.0000000000000000,0.0005176977312970
-0.1072382215478166,-0.9942333548213224,0.0000000000000000,0.0005176977312970
0.9942333548213224,0.1072382215478162,0.0000000000000000,0.0005176977312970
0.9942333548213224,-0.1072382215478162,0.0000000000000000,0.0005176977312970
-0.9942333548213224,0.1072382215478159,0.0000000000000000,0.0005176977312970
-0.9942333548213224,-0.1072382215478159,0.0000000000000000,0.0005176977312970
0.1072382215478162,0.0000000000000000,0.9942333548213224,0.0005176977312970
0.1072382215478159,0.0000000000000000,-0.9942333548213224,0.0005176977312970
-0.1072382215478162,0.0000000000000000,0.9942333548213224,0.0005176977312970
-0.1072382215478159,0.0000000000000000,-0.9942333548213224,0.0005176977312970
0.9942333548213224,0.0000000000000000,0.1072382215478164,0.0005176977312970
0.9942333548213224,0.0000000000000000,-0.1072382215478166,0.0005176977312970
-0.9942333548213224,0.0000000000000000,0.1072382215478164,0.0005176977312970
-0.9942333548213224,0.0000000000000000,-0.1072382215478166,0.0005176977312970
0.0000000000000000,0.1072382215478162,0.9942333548213224,0.0005176977312970
0.0000000000000000,0.1072382215478159,-0.9942333548213224,0.0005176977312970
0.0000000000000000,-0.1072382215478162,0.9942333548213224,0.0005176977312970
0.0000000000000000,-0.1072382215478159,-0.9942333548213224,0.0005176977312970
0.0000000000000000,0.9942333548213224,0.1072382215478164,0.0005176977312970
0.0000000000000000,0.9942333548213224,-0.1072382215478166,0.0005176977312970
0.0000000000000000,-0.9942333548213224,0.1072382215478164,0.0005176977312970
0.0000000000000000,-0.9942333548213224,-0.1072382215478166,0.0005176977312970
0.2582068959496969,0.9660896432961190,0.0000000000000000,0.0007331143682100
0.2582068959496969,-0.9660896432961190,0.0000000000000000,0.0007331143682100
-0.2582068959496969,0.9660896432961190,0.0000000000000000,0.0007331143682100
-0.2582068959496969,-0.9660896432961190,0.0000000000000000,0.0007331143682100
0.9660896432961190,0.2582068959496968,0.0000000000000000,0.0007331143682100
0.9660896432961190,-0.2582068959496968,0.0000000000000000,0.0007331143682100
-0.9660896432961190,0.2582068959496969,0.0000000000000000,0.0007331143682100
-0.9660896432961190,-0.2582068959496969,0.0000000000000000,0.0007331143682100
0.2582068959496968,0.0000000000000000,0.9660896432961190,0.0007331143682100
0.2582068959496969,0.0000000000000000,-0.9660896432961190,0.0007331143682100
-0.2582068959496968,0.0000000000000000,0.9660896432961190,0.0007331143682100
-0.2582068959496969,0.0000000000000000,-0.9660896432961190,0.0007331143682100
0.9660896432961190,0.0000000000000000,0.2582068959496969,0.0007331143682100
0.9660896432961190,0.0000000000000000,-0.2582068959496969,0.0007331143682100
-0.9660896432961190,0.0000000000000000,0.2582068959496969,0.0007331143682100
-0.9660896432961190,0.0000000000000000,-0.2582068959496969,0.0007331143682100
0.0000000000000000,0.2582068959496968,0.9660896432961190,0.0007331143682100
0.0000000000000000,0.2582068959496969,-0.9660896432961190,0.0007331143682100
0.0000000000000000,-0.2582068959496968,0.9660896432961190,0.0007331143682100
0.0000000000000000,-0.2582068959496969,-0.9660896432961190,0.0007331143682100
0.0000000000000000,0.9660896432961190,0.2582068959496969,0.0007331143682100
0.0000000000000000,0.9660896432961190,-0.2582068959496969,0.0007331143682100
0.0000000000000000,-0.9660896432961190,0.2582068959496969,0.0007331143682100
0.0000000000000000,-0.9660896432961190,-0.2582068959496969,0.0007331143682100
0.4172752955306716,0.9087801316819105,0.0000000000000000,0.0008463232836380
0.4172752955306716,-0.9087801316819105,0.0000000000000000,0.0008463232836380
-0.4172752955306718,0.9087801316819104,0.0000000000000000,0.0008463232836380
-0.4172752955306718,-0.9087801316819104,0.0000000000000000,0.0008463232836380
0.9087801316819105,0.4172752955306717,0.0000000000000000,0.0008463232836380
0.9087801316819105,-0.4172752955306717,0.0000000000000000,0.0008463232836380
-0.9087801316819106,0.4172752955306713,0.0000000000000000,0.0008463232836380
-0.9087801316819106,-0.4172752955306713,0.0000000000000000,0.0008463232836380
0.4172752955306717,0.0000000000000000,0.9087801316819105,0.0008463232836380
0.4172752955306713,0.0000000000000000,-0.9087801316819106,0.0008463232836380
-0.4172752955306717,0.0000000000000000,0.9087801316819105,0.0008463232836380
-0.4172752955306713,0.0000000000000000,-0.9087801316819106,0.0008463232836380
0.9087801316819105,0.0000000000000000,0.4172752955306716,0.0008463232836380
0.9087801316819104,0.0000000000000000,-0.4172752955306718,0.0008463232836380
-0.9087801316819105,0.0000000000000000,0.4172752955306716,0.0008463232836380
-0.9087801316819104,0.0000000000000000,-0.4172752955306718,0.0008463232836380
0.0000000000000000,0.4172752955306717,0.9087801316819105,0.0008463232836380
0.0000000000000000,0.4172752955306713,-0.9087801316819106,0.0008463232836380
0.0000000000000000,-0.4172752955306717,0.9087801316819105,0.0008463232836380
0.0000000000000000,-0.4172752955306713,-0.9087801316819106,0.0008463232836380
0.0000000000000000,0.9087801316819105,0.4172752955306716,0.0008463232836380
0.0000000000000000,0.9087801316819104,-0.4172752955306718,0.0008463232836380
0.0000000000000000,-0.9087801316819105,0.4172752955306716,0.0008463232836380
0.0000000000000000,-0.9087801316819104,-0.4172752955306718,0.0008463232836380
0.5700366911792502,0.8216192370614336,0.0000000000000000,0.0009031122694250
0.5700366911792502,-0.8216192370614336,0.0000000000000000,0.0009031122694250
-0.5700366911792503,0.8216192370614335,0.0000000000000000,0.0009031122694250
-0.5700366911792503,-0.8216192370614335,0.0000000000000000,0.0009031122694250
0.8216192370614335,0.5700366911792503,0.0000000000000000,0.0009031122694250
0.8216192370614335,-0.5700366911792503,0.0000000000000000,0.0009031122694250
-0.8216192370614334,0.5700366911792505,0.0000000000000000,0.0009031122694250
-0.8216192370614334,-0.5700366911792505,0.0000000000000000,0.0009031122694250
0.5700366911792503,0.0000000000000000,0.8216192370614335,0.0009031122694250
0.5700366911792505,0.0000000000000000,-0.8216192370614334,0.0009031122694250
-0.5700366911792503,0.0000000000000000,0.8216192370614335,0.0009031122694250
-0.5700366911792505,0.0000000000000000,-0.8216192370614334,0.0009031122694250
0.8216192370614336,0.0000000000000000,0.5700366911792502,0.0009031122694250
0.8216192370614335,0.0000000000000000,-0.5700366911792503,0.0009031122694250
-0.8216192370614336,0.0000000000000000,0.5700366911792502,0.0009031122694250
-0.8216192370614335,0.0000000000000000,-0.5700366911792503,0.0009031122694250
0.0000000000000000,0.5700366911792503,0.8216192370614335,0.0009031122694250
0.0000000000000000,0.5700366911792505,-0.8216192370614334,0.0009031122694250
0.0000000000000000,-0.5700366911792503,0.8216192370614335,0.0009031122694250
0.0000000000000000,-0.5700366911792505,-0.8216192370614334,0.0009031122694250
0.0000000000000000,0.8216192370614336,0.5700366911792502,0.0009031122694250
0.0000000000000000,0.8216192370614335,-0.5700366911792503,0.0009031122694250
0.0000000000000000,-0.8216192370614336,0.5700366911792502,0.0009031122694250
0.0000000000000000,-0.8216192370614335,-0.5700366911792503,0.0009031122694250
0.9827986018263947,0.1771774022615326,0.0521063947701126,0.0006485778453160
0.9827986018263947,0.1771774022615326,-0.0521063947701129,0.0006485778453160
0.9827986018263947,-0.1771774022615326,0.0521063947701126,0.0006485778453160
0.9827986018263947,-0.1771774022615326,-0.0521063947701129,0.0006485778453160
-0.9827986018263947,0.1771774022615325,0.0521063947701126,0.0006485778453160
-0.9827986018263947,0.1771774022615325,-0.0521063947701129,0.0006485778453160
-0.9827986018263947,-0.1771774022615325,0.0521063947701126,0.0006485778453160
-0.9827986018263947,-0.1771774022615325,-0.0521063947701129,0.0006485778453160
0.9827986018263947,0.0521063947701128,0.1771774022615326,0.0006485778453160
0.9827986018263947,0.0521063947701128,-0.1771774022615324,0.0006485778453160
0.9827986018263947,-0.0521063947701128,0.1771774022615326,0.0006485778453160
0.9827986018263947,-0.0521063947701128,-0.1771774022615324,0.0006485778453160
-0.9827986018263947,0.0521063947701128,0.1771774022615326,0.0006485778453160
-0.9827986018263947,0.0521063947701128,-0.1771774022615324,0.0006485778453160
-0.9827986018263947,-0.0521063947701128,0.1771774022615326,0.0006485778453160
-0.9827986018263947,-0.0521063947701128,-0.1771774022615324,0.0006485778453160
0.1771774022615325,0.9827986018263947,0.0521063947701126,0.0006485778453160
0.1771774022615325,0.9827986018263947,-0.0521063947701129,0.0006485778453160
0.1771774022615325,-0.9827986018263947,0.0521063947701126,0.0006485778453160
0.1771774022615325,-0.9827986018263947,-0.0521063947701129,0.0006485778453160
-0.1771774022615325,0.9827986018263947,0.0521063947701126,0.0006485778453160
-0.1771774022615325,0.9827986018263947,-0.0521063947701129,0.0006485778453160
-0.1771774022615325,-0.9827986018263947,0.0521063947701126,0.0006485778453160
-0.1771774022615325,-0.9827986018263947,-0.0521063947701129,0.0006485778453160
0.1771774022615325,0.0521063947701129,0.9827986018263947,0.0006485778453160
0.1771774022615321,0.0521063947701128,-0.9827986018263948,0.0006485778453160
0.1771774022615325,-0.0521063947701129,0.9827986018263947,0.0006485778453160
0.1771774022615321,-0.0521063947701128,-0.9827986018263948,0.0006485778453160
-0.1771774022615325,0.0521063947701129,0.9827986018263947,0.0006485778453160
-0.1771774022615321,0.0521063947701128,-0.9827986018263948,0.0006485778453160
-0.1771774022615325,-0.0521063947701129,0.9827986018263947,0.0006485778453160
-0.1771774022615321,-0.0521063947701128,-0.9827986018263948,0.0006485778453160
0.0521063947701128,0.9827986018263947,0.1771774022615326,0.0006485778453160
0.0521063947701128,0.9827986018263947,-0.1771774022615324,0.0006485778453160
0.0521063947701128,-0.9827986018263947,0.1771774022615326,0.0006485778453160
0.0521063947701128,-0.9827986018263947,-0.1771774022615324,0.0006485778453160
-0.0521063947701130,0.9827986018263947,0.1771774022615326,0.0006485778453160
-0.0521063947701130,0.9827986018263947,-0.1771774022615324,0.0006485778453160
-0.0521063947701130,-0.9827986018263947,0.1771774022615326,0.0006485778453160
-0.0521063947701130,-0.9827986018263947,-0.1771774022615324,0.0006485778453160
0.0521063947701129,0.1771774022615325,0.9827986018263947,0.0006485778453160
0.0521063947701128,0.1771774022615321,-0.9827986018263948,0.0006485778453160
0.0521063947701129,-0.1771774022615325,0.9827986018263947,0.0006485778453160
0.0521063947701128,-0.1771774022615321,-0.9827986018263948,0.0006485778453160
-0.0521063947701129,0.1771774022615325,0.9827986018263947,0.0006485778453160
-0.0521063947701128,0.1771774022615321,-0.9827986018263948,0.0006485778453160
-0.0521063947701129,-0.1771774022615325,0.9827986018263947,0.0006485778453160
-0.0521063947701128,-0.1771774022615321,-0.9827986018263948,0.0006485778453160
0.9624249230326228,0.2475716463426290,0.1115640957156484,0.0007435030910980
0.9624249230326228,0.2475716463426290,-0.1115640957156484,0.0007435030910980
0.9624249230326228,-0.2475716463426290,0.1115640957156484,0.0007435030910980
0.9624249230326228,-0.2475716463426290,-0.1115640957156484,0.0007435030910980
-0.9624249230326228,0.2475716463426290,0.1115640957156484,0.0007435030910980
-0.9624249230326228,0.2475716463426290,-0.1115640957156484,0.0007435030910980
-0.9624249230326228,-0.2475716463426290,0.1115640957156484,0.0007435030910980
-0.9624249230326228,-0.2475716463426290,-0.1115640957156484,0.0007435030910980
0.9624249230326229,0.1115640957156473,0.2475716463426287,0.0007435030910980
0.9624249230326228,0.1115640957156473,-0.2475716463426289,0.0007435030910980
0.9624249230326229,-0.1115640957156473,0.2475716463426287,0.0007435030910980
0.9624249230326228,-0.1115640957156473,-0.2475716463426289,0.0007435030910980
-0.9624249230326229,0.1115640957156470,0.2475716463426287,0.0007435030910980
-0.9624249230326228,0.1115640957156470,-0.2475716463426289,0.0007435030910980
-0.9624249230326229,-0.1115640957156470,0.2475716463426287,0.0007435030910980
-0.9624249230326228,-0.1115640957156470,-0.2475716463426289,0.0007435030910980
0.2475716463426287,0.9624249230326229,0.1115640957156484,0.0007435030910980
0.2475716463426287,0.9624249230326229,-0.1115640957156484,0.0007435030910980
0.2475716463426287,-0.9624249230326229,0.1115640957156484,0.0007435030910980
0.2475716463426287,-0.9624249230326229,-0.1115640957156484,0.0007435030910980
-0.2475716463426287,0.9624249230326229,0.1115640957156484,0.0007435030910980
-0.2475716463426287,0.9624249230326229,-0.1115640957156484,0.0007435030910980
-0.2475716463426287,-0.9624249230326229,0.1115640957156484,0.0007435030910980
-0.2475716463426287,-0.9624249230326229,-0.1115640957156484,0.0007435030910980
0.2475716463426288,0.1115640957156483,0.9624249230326228,0.0007435030910980
0.2475716463426288,0.1115640957156483,-0.9624249230326228,0.0007435030910980
0.2475716463426288,-0.1115640957156483,0.9624249230326228,0.0007435030910980
0.2475716463426288,-0.1115640957156483,-0.9624249230326228,0.0007435030910980
-0.2475716463426289,0.1115640957156483,0.9624249230326228,0.0007435030910980
-0.2475716463426289,0.1115640957156483,-0.9624249230326228,0.0007435030910980
-0.2475716463426289,-0.1115640957156483,0.9624249230326228,0.0007435030910980
-0.2475716463426289,-0.1115640957156483,-0.9624249230326228,0.0007435030910980
0.1115640957156482,0.9624249230326229,0.2475716463426287,0.0007435030910980
0.1115640957156482,0.9624249230326228,-0.2475716463426289,0.0007435030910980
0.1115640957156482,-0.9624249230326229,0.2475716463426287,0.0007435030910980
0.1115640957156482,-0.9624249230326228,-0.2475716463426289,0.0007435030910980
-0.1115640957156484,0.9624249230326229,0.2475716463426287,0.0007435030910980
-0.1115640957156484,0.9624249230326228,-0.2475716463426289,0.0007435030910980
-0.1115640957156484,-0.9624249230326229,0.2475716463426287,0.0007435030910980
-0.1115640957156484,-0.9624249230326228,-0.2475716463426289,0.0007435030910980
0.1115640957156483,0.2475716463426288,0.9624249230326228,0.0007435030910980
0.1115640957156483,0.2475716463426288,-0.9624249230326228,0.0007435030910980
0.1115640957156483,-0.2475716463426288,0.9624249230326228,0.0007435030910980
0.1115640957156483,-0.2475716463426288,-0.9624249230326228,0.0007435030910980
-0.1115640957156484,0.2475716463426288,0.9624249230326228,0.0007435030910980
-0.1115640957156484,0.2475716463426288,-0.9624249230326228,0.0007435030910980
-0.1115640957156484,-0.2475716463426288,0.9624249230326228,0.0007435030910980
-0.1115640957156484,-0.2475716463426288,-0.9624249230326228,0.0007435030910980
0.9402007994128811,0.3354616289066489,0.0590588885323541,0.0007998527891840
0.9402007994128811,0.3354616289066489,-0.0590588885323541,0.0007998527891840
0.9402007994128811,-0.3354616289066489,0.0590588885323541,0.0007998527891840
0.9402007994128811,-0.3354616289066489,-0.0590588885323541,0.0007998527891840
-0.9402007994128813,0.3354616289066487,0.0590588885323541,0.0007998527891840
-0.9402007994128813,0.3354616289066487,-0.0590588885323541,0.0007998527891840
-0.9402007994128813,-0.3354616289066487,0.0590588885323541,0.0007998527891840
-0.9402007994128813,-0.3354616289066487,-0.0590588885323541,0.0007998527891840
0.9402007994128811,0.0590588885323545,0.3354616289066487,0.0007998527891840
0.9402007994128810,0.0590588885323545,-0.3354616289066489,0.0007998527891840
0.9402007994128811,-0.0590588885323545,0.3354616289066487,0.0007998527891840
0.9402007994128810,-0.0590588885323545,-0.3354616289066489,0.0007998527891840
-0.9402007994128811,0.0590588885323542,0.3354616289066487,0.0007998527891840
-0.9402007994128810,0.0590588885323541,-0.3354616289066489,0.0007998527891840
-0.9402007994128811,-0.0590588885323542,0.3354616289066487,0.0007998527891840
-0.9402007994128810,-0.0590588885323541,-0.3354616289066489,0.0007998527891840
0.3354616289066489,0.9402007994128811,0.0590588885323541,0.0007998527891840
0.3354616289066489,0.9402007994128811,-0.0590588885323541,0.0007998527891840
0.3354616289066489,-0.9402007994128811,0.0590588885323541,0.0007998527891840
0.3354616289066489,-0.9402007994128811,-0.0590588885323541,0.0007998527891840
-0.3354616289066489,0.9402007994128811,0.0590588885323541,0.0007998527891840
-0.3354616289066489,0.9402007994128811,-0.0590588885323541,0.0007998527891840
-0.3354616289066489,-0.9402007994128811,0.0590588885323541,0.0007998527891840
-0.3354616289066489,-0.9402007994128811,-0.0590588885323541,0.0007998527891840
0.3354616289066489,0.0590588885323542,0.9402007994128811,0.0007998527891840
0.3354616289066488,0.0590588885323541,-0.9402007994128811,0.0007998527891840
0.3354616289066489,-0.0590588885323542,0.9402007994128811,0.0007998527891840
0.3354616289066488,-0.0590588885323541,-0.9402007994128811,0.0007998527891840
-0.3354616289066489,0.0590588885323540,0.9402007994128811,0.0007998527891840
-0.3354616289066488,0.0590588885323540,-0.9402007994128811,0.0007998527891840
-0.3354616289066489,-0.0590588885323540,0.9402007994128811,0.0007998527891840
-0.3354616289066488,-0.0590588885323540,-0.9402007994128811,0.0007998527891840
0.0590588885323542,0.9402007994128811,0.3354616289066487,0.0007998527891840
0.0590588885323541,0.9402007994128810,-0.3354616289066489,0.0007998527891840
0.0590588885323542,-0.9402007994128811,0.3354616289066487,0.0007998527891840
0.0590588885323541,-0.9402007994128810,-0.3354616289066489,0.0007998527891840
-0.0590588885323542,0.9402007994128811,0.3354616289066487,0.0007998527891840
-0.0590588885323541,0.9402007994128810,-0.3354616289066489,0.0007998527891840
-0.0590588885323542,-0.9402007994128811,0.3354616289066487,0.0007998527891840
-0.0590588885323541,-0.9402007994128810,-0.3354616289066489,0.0007998527891840
0.0590588885323540,0.3354616289066489,0.9402007994128811,0.0007998527891840
0.0590588885323540,0.3354616289066488,-0.9402007994128811,0.0007998527891840
0.0590588885323540,-0.3354616289066489,0.9402007994128811,0.0007998527891840
0.0590588885323540,-0.3354616289066488,-0.9402007994128811,0.0007998527891840
-0.0590588885323541,0.3354616289066489,0.9402007994128811,0.0007998527891840
-0.0590588885323541,0.3354616289066488,-0.9402007994128811,0.0007998527891840
-0.0590588885323541,-0.3354616289066489,0.9402007994128811,0.0007998527891840
-0.0590588885323541,-0.3354616289066488,-0.9402007994128811,0.0007998527891840
0.9320822040143202,0.3173615246611979,0.1746551677578628,0.0008101731497470
0.9320822040143201,0.3173615246611979,-0.1746551677578631,0.0008101731497470
0.9320822040143202,-0.3173615246611979,0.1746551677578628,0.0008101731497470
0.9320822040143201,-0.3173615246611979,-0.1746551677578631,0.0008101731497470
-0.9320822040143203,0.3173615246611975,0.1746551677578628,0.0008101731497470
-0.9320822040143202,0.3173615246611974,-0.1746551677578631,0.0008101731497470
-0.9320822040143203,-0.3173615246611975,0.1746551677578628,0.0008101731497470
-0.9320822040143202,-0.3173615246611974,-0.1746551677578631,0.0008101731497470
0.9320822040143203,0.1746551677578625,0.3173615246611976,0.0008101731497470
0.9320822040143202,0.1746551677578625,-0.3173615246611979,0.0008101731497470
0.9320822040143203,-0.1746551677578625,0.3173615246611976,0.0008101731497470
0.9320822040143202,-0.1746551677578625,-0.3173615246611979,0.0008101731497470
-0.9320822040143203,0.1746551677578626,0.3173615246611976,0.0008101731497470
-0.9320822040143202,0.1746551677578626,-0.3173615246611979,0.0008101731497470
-0.9320822040143203,-0.1746551677578626,0.3173615246611976,0.0008101731497470
-0.9320822040143202,-0.1746551677578626,-0.3173615246611979,0.0008101731497470
0.3173615246611977,0.9320822040143203,0.1746551677578628,0.0008101731497470
0.3173615246611977,0.9320822040143202,-0.1746551677578631,0.0008101731497470
0.3173615246611977,-0.9320822040143203,0.1746551677578628,0.0008101731497470
0.3173615246611977,-0.9320822040143202,-0.1746551677578631,0.0008101731497470
-0.3173615246611977,0.9320822040143203,0.1746551677578628,0.0008101731497470
-0.3173615246611977,0.9320822040143202,-0.1746551677578631,0.0008101731497470
-0.3173615246611977,-0.9320822040143203,0.1746551677578628,0.0008101731497470
-0.3173615246611977,-0.9320822040143202,-0.1746551677578631,0.0008101731497470
0.3173615246611977,0.1746551677578629,0.9320822040143202,0.0008101731497470
0.3173615246611974,0.1746551677578627,-0.9320822040143203,0.0008101731497470
0.3173615246611977,-0.1746551677578629,0.9320822040143202,0.0008101731497470
0.3173615246611974,-0.1746551677578627,-0.9320822040143203,0.0008101731497470
-0.3173615246611977,0.1746551677578629,0.9320822040143202,0.0008101731497470
-0.3173615246611974,0.1746551677578627,-0.9320822040143203,0.0008101731497470
-0.3173615246611977,-0.1746551677578629,0.9320822040143202,0.0008101731497470
-0.3173615246611974,-0.1746551677578627,-0.9320822040143203,0.0008101731497470
0.1746551677578628,0.9320822040143202,0.3173615246611976,0.0008101731497470
0.1746551677578628,0.9320822040143201,-0.3173615246611979,0.0008101731497470
0.1746551677578628,-0.9320822040143202,0.3173615246611976,0.0008101731497470
0.1746551677578628,-0.9320822040143201,-0.3173615246611979,0.0008101731497470
-0.1746551677578631,0.9320822040143202,0.3173615246611976,0.0008101731497470
-0.1746551677578630,0.9320822040143201,-0.3173615246611979,0.0008101731497470
-0.1746551677578631,-0.9320822040143202,0.3173615246611976,0.0008101731497470
-0.1746551677578630,-0.9320822040143201,-0.3173615246611979,0.0008101731497470
0.1746551677578628,0.3173615246611978,0.9320822040143202,0.0008101731497470
0.1746551677578627,0.3173615246611975,-0.9320822040143203,0.0008101731497470
0.1746551677578628,-0.3173615246611978,0.9320822040143202,0.0008101731497470
0.1746551677578627,-0.3173615246611975,-0.9320822040143203,0.0008101731497470
-0.1746551677578628,0.3173615246611978,0.9320822040143202,0.0008101731497470
-0.1746551677578626,0.3173615246611975,-0.9320822040143203,0.0008101731497470
-0.1746551677578628,-0.3173615246611978,0.9320822040143202,0.0008101731497470
-0.1746551677578626,-0.3173615246611975,-0.9320822040143203,0.0008101731497470
0.9043674199393299,0.4090268427085356,0.1217235051095988,0.0008483389574590
0.9043674199393299,0.4090268427085356,-0.1217235051095988,0.0008483389574590
0.9043674199393299,-0.4090268427085356,0.1217235051095988,0.0008483389574590
0.9043674199393299,-0.4090268427085356,-0.1217235051095988,0.0008483389574590
-0.9043674199393299,0.4090268427085356,0.1217235051095988,0.0008483389574590
-0.9043674199393299,0.4090268427085356,-0.1217235051095988,0.0008483389574590
-0.9043674199393299,-0.4090268427085356,0.1217235051095988,0.0008483389574590
-0.9043674199393299,-0.4090268427085356,-0.1217235051095988,0.0008483389574590
0.9043674199393299,0.1217235051095992,0.4090268427085357,0.0008483389574590
0.9043674199393299,0.1217235051095992,-0.4090268427085357,0.0008483389574590
0.9043674199393299,-0.1217235051095992,0.4090268427085357,0.0008483389574590
0.9043674199393299,-0.1217235051095992,-0.4090268427085357,0.0008483389574590
-0.9043674199393299,0.1217235051095991,0.4090268427085357,0.0008483389574590
-0.9043674199393299,0.1217235051095991,-0.4090268427085357,0.0008483389574590
-0.9043674199393299,-0.1217235051095991,0.4090268427085357,0.0008483389574590
-0.9043674199393299,-0.1217235051095991,-0.4090268427085357,0.0008483389574590
0.4090268427085356,0.9043674199393299,0.1217235051095988,0.0008483389574590
0.4090268427085356,0.9043674199393299,-0.1217235051095988,0.0008483389574590
0.4090268427085356,-0.9043674199393299,0.1217235051095988,0.0008483389574590
0.4090268427085356,-0.9043674199393299,-0.1217235051095988,0.0008483389574590
-0.4090268427085358,0.9043674199393298,0.1217235051095988,0.0008483389574590
-0.4090268427085358,0.9043674199393298,-0.1217235051095988,0.0008483389574590
-0.4090268427085358,-0.9043674199393298,0.1217235051095988,0.0008483389574590
-0.4090268427085358,-0.9043674199393298,-0.1217235051095988,0.0008483389574590
0.4090268427085357,0.1217235051095988,0.9043674199393299,0.0008483389574590
0.4090268427085360,0.1217235051095989,-0.9043674199393298,0.0008483389574590
0.4090268427085357,-0.1217235051095988,0.9043674199393299,0.0008483389574590
0.4090268427085360,-0.1217235051095989,-0.9043674199393298,0.0008483389574590
-0.4090268427085357,0.1217235051095989,0.9043674199393299,0.0008483389574590
-0.4090268427085360,0.1217235051095989,-0.9043674199393298,0.0008483389574590
-0.4090268427085357,-0.1217235051095989,0.9043674199393299,0.0008483389574590
-0.4090268427085360,-0.1217235051095989,-0.9043674199393298,0.0008483389574590
0.1217235051095987,0.9043674199393300,0.4090268427085357,0.0008483389574590
0.1217235051095987,0.9043674199393300,-0.4090268427085357,0.0008483389574590
0.1217235051095987,-0.9043674199393300,0.4090268427085357,0.0008483389574590
0.1217235051095987,-0.9043674199393300,-0.4090268427085357,0.0008483389574590
-0.1217235051095989,0.9043674199393299,0.4090268427085357,0.0008483389574590
-0.1217235051095989,0.9043674199393299,-0.4090268427085357,0.0008483389574590
-0.1217235051095989,-0.9043674199393299,0.4090268427085357,0.0008483389574590
-0.1217235051095989,-0.9043674199393299,-0.4090268427085357,0.0008483389574590
0.1217235051095989,0.4090268427085357,0.9043674199393299,0.0008483389574590
0.1217235051095989,0.4090268427085360,-0.9043674199393298,0.0008483389574590
0.1217235051095989,-0.4090268427085357,0.9043674199393299,0.0008483389574590
0.1217235051095989,-0.4090268427085360,-0.9043674199393298,0.0008483389574590
-0.1217235051095989,0.4090268427085357,0.9043674199393299,0.0008483389574590
-0.1217235051095989,0.4090268427085360,-0.9043674199393298,0.0008483389574590
-0.1217235051095989,-0.4090268427085357,0.9043674199393299,0.0008483389574590
-0.1217235051095989,-0.4090268427085360,-0.9043674199393298,0.0008483389574590
0.8912407560074747,0.3854291150669223,0.2390278479381723,0.0008556299257310
0.8912407560074747,0.3854291150669223,-0.2390278479381726,0.0008556299257310
0.8912407560074747,-0.3854291150669223,0.2390278479381723,0.0008556299257310
0.8912407560074747,-0.3854291150669223,-0.2390278479381726,0.0008556299257310
-0.8912407560074747,0.3854291150669223,0.2390278479381723,0.0008556299257310
-0.8912407560074747,0.3854291150669223,-0.2390278479381726,0.0008556299257310
-0.8912407560074747,-0.3854291150669223,0.2390278479381723,0.0008556299257310
-0.8912407560074747,-0.3854291150669223,-0.2390278479381726,0.0008556299257310
0.8912407560074748,0.2390278479381722,0.3854291150669223,0.0008556299257310
0.8912407560074747,0.2390278479381722,-0.3854291150669225,0.0008556299257310
0.8912407560074748,-0.2390278479381722,0.3854291150669223,0.0008556299257310
0.8912407560074747,-0.2390278479381722,-0.3854291150669225,0.0008556299257310
-0.8912407560074748,0.2390278479381721,0.3854291150669223,0.0008556299257310
-0.8912407560074747,0.2390278479381721,-0.3854291150669225,0.0008556299257310
-0.8912407560074748,-0.2390278479381721,0.3854291150669223,0.0008556299257310
-0.8912407560074747,-0.2390278479381721,-0.3854291150669225,0.0008556299257310
0.3854291150669223,0.8912407560074747,0.2390278479381723,0.0008556299257310
0.3854291150669223,0.8912407560074747,-0.2390278479381726,0.0008556299257310
0.3854291150669223,-0.8912407560074747,0.2390278479381723,0.0008556299257310
0.3854291150669223,-0.8912407560074747,-0.2390278479381726,0.0008556299257310
-0.3854291150669225,0.8912407560074747,0.2390278479381723,0.0008556299257310
-0.3854291150669225,0.8912407560074747,-0.2390278479381726,0.0008556299257310
-0.3854291150669225,-0.8912407560074747,0.2390278479381723,0.0008556299257310
-0.3854291150669225,-0.8912407560074747,-0.2390278479381726,0.0008556299257310
0.3854291150669224,0.2390278479381725,0.8912407560074747,0.0008556299257310
0.3854291150669223,0.2390278479381725,-0.8912407560074747,0.0008556299257310
0.3854291150669224,-0.2390278479381725,0.8912407560074747,0.0008556299257310
0.3854291150669223,-0.2390278479381725,-0.8912407560074747,0.0008556299257310
-0.3854291150669225,0.2390278479381725,0.8912407560074747,0.0008556299257310
-0.3854291150669224,0.2390278479381724,-0.8912407560074747,0.0008556299257310
-0.3854291150669225,-0.2390278479381725,0.8912407560074747,0.0008556299257310
-0.3854291150669224,-0.2390278479381724,-0.8912407560074747,0.0008556299257310
0.2390278479381724,0.8912407560074748,0.3854291150669223,0.0008556299257310
0.2390278479381724,0.8912407560074747,-0.3854291150669225,0.0008556299257310
0.2390278479381724,-0.8912407560074748,0.3854291150669223,0.0008556299257310
0.2390278479381724,-0.8912407560074747,-0.3854291150669225,0.0008556299257310
-0.2390278479381727,0.8912407560074747,0.3854291150669223,0.0008556299257310
-0.2390278479381726,0.8912407560074745,-0.3854291150669225,0.0008556299257310
-0.2390278479381727,-0.8912407560074747,0.3854291150669223,0.0008556299257310
-0.2390278479381726,-0.8912407560074745,-0.3854291150669225,0.0008556299257310
0.2390278479381724,0.3854291150669225,0.8912407560074747,0.0008556299257310
0.2390278479381724,0.3854291150669225,-0.8912407560074747,0.0008556299257310
0.2390278479381724,-0.3854291150669225,0.8912407560074747,0.0008556299257310
0.2390278479381724,-0.3854291150669225,-0.8912407560074747,0.0008556299257310
-0.2390278479381725,0.3854291150669225,0.8912407560074747,0.0008556299257310
-0.2390278479381724,0.3854291150669224,-0.8912407560074747,0.0008556299257310
-0.2390278479381725,-0.3854291150669225,0.8912407560074747,0.0008556299257310
-0.2390278479381724,-0.3854291150669224,-0.8912407560074747,0.0008556299257310
0.8676435628462708,0.4932221184851284,0.0626625062415420,0.0008803208679740
0.8676435628462708,0.4932221184851284,-0.0626625062415420,0.0008803208679740
0.8676435628462708,-0.4932221184851284,0.0626625062415420,0.0008803208679740
0.8676435628462708,-0.4932221184851284,-0.0626625062415420,0.0008803208679740
-0.8676435628462709,0.4932221184851283,0.0626625062415420,0.0008803208679740
-0.8676435628462709,0.4932221184851283,-0.0626625062415420,0.0008803208679740
-0.8676435628462709,-0.4932221184851283,0.0626625062415420,0.0008803208679740
-0.8676435628462709,-0.4932221184851283,-0.0626625062415420,0.0008803208679740
0.8676435628462708,0.0626625062415419,0.4932221184851285,0.0008803208679740
0.8676435628462708,0.0626625062415419,-0.4932221184851286,0.0008803208679740
0.8676435628462708,-0.0626625062415419,0.4932221184851285,0.0008803208679740
0.8676435628462708,-0.0626625062415419,-0.4932221184851286,0.0008803208679740
-0.8676435628462708,0.0626625062415420,0.4932221184851285,0.0008803208679740
-0.8676435628462708,0.0626625062415420,-0.4932221184851286,0.0008803208679740
-0.8676435628462708,-0.0626625062415420,0.4932221184851285,0.0008803208679740
-0.8676435628462708,-0.0626625062415420,-0.4932221184851286,0.0008803208679740
0.4932221184851285,0.8676435628462708,0.0626625062415420,0.0008803208679740
0.4932221184851285,0.8676435628462708,-0.0626625062415420,0.0008803208679740
0.4932221184851285,-0.8676435628462708,0.0626625062415420,0.0008803208679740
0.4932221184851285,-0.8676435628462708,-0.0626625062415420,0.0008803208679740
-0.4932221184851287,0.8676435628462706,0.0626625062415420,0.0008803208679740
-0.4932221184851287,0.8676435628462706,-0.0626625062415420,0.0008803208679740
-0.4932221184851287,-0.8676435628462706,0.0626625062415420,0.0008803208679740
-0.4932221184851287,-0.8676435628462706,-0.0626625062415420,0.0008803208679740
0.4932221184851285,0.0626625062415419,0.8676435628462708,0.0008803208679740
0.4932221184851285,0.0626625062415419,-0.8676435628462708,0.0008803208679740
0.4932221184851285,-0.0626625062415419,0.8676435628462708,0.0008803208679740
0.4932221184851285,-0.0626625062415419,-0.8676435628462708,0.0008803208679740
-0.4932221184851285,0.0626625062415418,0.8676435628462708,0.0008803208679740
-0.4932221184851285,0.0626625062415418,-0.8676435628462708,0.0008803208679740
-0.4932221184851285,-0.0626625062415418,0.8676435628462708,0.0008803208679740
-0.4932221184851285,-0.0626625062415418,-0.8676435628462708,0.0008803208679740
0.0626625062415420,0.8676435628462708,0.4932221184851285,0.0008803208679740
0.0626625062415420,0.8676435628462708,-0.4932221184851286,0.0008803208679740
0.0626625062415420,-0.8676435628462708,0.4932221184851285,0.0008803208679740
0.0626625062415420,-0.8676435628462708,-0.4932221184851286,0.0008803208679740
-0.0626625062415420,0.8676435628462708,0.4932221184851285,0.0008803208679740
-0.0626625062415420,0.8676435628462708,-0.4932221184851286,0.0008803208679740
-0.0626625062415420,-0.8676435628462708,0.4932221184851285,0.0008803208679740
-0.0626625062415420,-0.8676435628462708,-0.4932221184851286,0.0008803208679740
0.0626625062415420,0.4932221184851285,0.8676435628462708,0.0008803208679740
0.0626625062415420,0.4932221184851285,-0.8676435628462708,0.0008803208679740
0.0626625062415420,-0.4932221184851285,0.8676435628462708,0.0008803208679740
0.0626625062415420,-0.4932221184851285,-0.8676435628462708,0.0008803208679740
-0.0626625062415420,0.4932221184851285,0.8676435628462708,0.0008803208679740
-0.0626625062415420,0.4932221184851285,-0.8676435628462708,0.0008803208679740
-0.0626625062415420,-0.4932221184851285,0.8676435628462708,0.0008803208679740
-0.0626625062415420,-0.4932221184851285,-0.8676435628462708,0.0008803208679740
0.8581979986041619,0.4785320675922435,0.1857505194547336,0.0008811048182430
0.8581979986041619,0.4785320675922435,-0.1857505194547339,0.0008811048182430
0.8581979986041619,-0.4785320675922435,0.1857505194547336,0.0008811048182430
0.8581979986041619,-0.4785320675922435,-0.1857505194547339,0.0008811048182430
-0.8581979986041618,0.4785320675922436,0.1857505194547336,0.0008811048182430
-0.8581979986041618,0.4785320675922436,-0.1857505194547339,0.0008811048182430
-0.8581979986041618,-0.4785320675922436,0.1857505194547336,0.0008811048182430
-0.8581979986041618,-0.4785320675922436,-0.1857505194547339,0.0008811048182430
0.8581979986041620,0.1857505194547336,0.4785320675922434,0.0008811048182430
0.8581979986041619,0.1857505194547336,-0.4785320675922436,0.0008811048182430
0.8581979986041620,-0.1857505194547336,0.4785320675922434,0.0008811048182430
0.8581979986041619,-0.1857505194547336,-0.4785320675922436,0.0008811048182430
-0.8581979986041620,0.1857505194547334,0.4785320675922434,0.0008811048182430
-0.8581979986041619,0.1857505194547334,-0.4785320675922436,0.0008811048182430
-0.8581979986041620,-0.1857505194547334,0.4785320675922434,0.0008811048182430
-0.8581979986041619,-0.1857505194547334,-0.4785320675922436,0.0008811048182430
0.4785320675922434,0.8581979986041620,0.1857505194547336,0.0008811048182430
0.4785320675922434,0.8581979986041620,-0.1857505194547339,0.0008811048182430
0.4785320675922434,-0.8581979986041620,0.1857505194547336,0.0008811048182430
0.4785320675922434,-0.8581979986041620,-0.1857505194547339,0.0008811048182430
-0.4785320675922434,0.8581979986041619,0.1857505194547336,0.0008811048182430
-0.4785320675922434,0.8581979986041619,-0.1857505194547339,0.0008811048182430
-0.4785320675922434,-0.8581979986041619,0.1857505194547336,0.0008811048182430
-0.4785320675922434,-0.8581979986041619,-0.1857505194547339,0.0008811048182430
0.4785320675922435,0.1857505194547339,0.8581979986041619,0.0008811048182430
0.4785320675922434,0.1857505194547339,-0.8581979986041620,0.0008811048182430
0.4785320675922435,-0.1857505194547339,0.8581979986041619,0.0008811048182430
0.4785320675922434,-0.1857505194547339,-0.8581979986041620,0.0008811048182430
-0.4785320675922436,0.1857505194547337,0.8581979986041619,0.0008811048182430
-0.4785320675922435,0.1857505194547336,-0.8581979986041620,0.0008811048182430
-0.4785320675922436,-0.1857505194547337,0.8581979986041619,0.0008811048182430
-0.4785320675922435,-0.1857505194547336,-0.8581979986041620,0.0008811048182430
0.1857505194547336,0.8581979986041620,0.4785320675922434,0.0008811048182430
0.1857505194547336,0.8581979986041619,-0.4785320675922436,0.0008811048182430
0.1857505194547336,-0.8581979986041620,0.4785320675922434,0.0008811048182430
0.1857505194547336,-0.8581979986041619,-0.4785320675922436,0.0008811048182430
-0.1857505194547338,0.8581979986041620,0.4785320675922434,0.0008811048182430
-0.1857505194547338,0.8581979986041619,-0.4785320675922436,0.0008811048182430
-0.1857505194547338,-0.8581979986041620,0.4785320675922434,0.0008811048182430
-0.1857505194547338,-0.8581979986041619,-0.4785320675922436,0.0008811048182430
0.1857505194547338,0.4785320675922435,0.8581979986041619,0.0008811048182430
0.1857505194547338,0.4785320675922434,-0.8581979986041620,0.0008811048182430
0.1857505194547338,-0.4785320675922435,0.8581979986041619,0.0008811048182430
0.1857505194547338,-0.4785320675922434,-0.8581979986041620,0.0008811048182430
-0.1857505194547338,0.4785320675922435,0.8581979986041619,0.0008811048182430
-0.1857505194547338,0.4785320675922434,-0.8581979986041620,0.0008811048182430
-0.1857505194547338,-0.4785320675922435,0.8581979986041619,0.0008811048182430
-0.1857505194547338,-0.4785320675922434,-0.8581979986041620,0.0008811048182430
0.8396753624049856,0.4507422593157063,0.3029466973528981,0.0008850282341270
0.8396753624049856,0.4507422593157063,-0.3029466973528983,0.0008850282341270
0.8396753624049856,-0.4507422593157063,0.3029466973528981,0.0008850282341270
0.8396753624049856,-0.4507422593157063,-0.3029466973528983,0.0008850282341270
-0.8396753624049856,0.4507422593157064,0.3029466973528981,0.0008850282341270
-0.8396753624049856,0.4507422593157064,-0.3029466973528983,0.0008850282341270
-0.8396753624049856,-0.4507422593157064,0.3029466973528981,0.0008850282341270
-0.8396753624049856,-0.4507422593157064,-0.3029466973528983,0.0008850282341270
0.8396753624049856,0.3029466973528983,0.4507422593157063,0.0008850282341270
0.8396753624049856,0.3029466973528983,-0.4507422593157064,0.0008850282341270
0.8396753624049856,-0.3029466973528983,0.4507422593157063,0.0008850282341270
0.8396753624049856,-0.3029466973528983,-0.4507422593157064,0.0008850282341270
-0.8396753624049856,0.3029466973528983,0.4507422593157063,0.0008850282341270
-0.8396753624049856,0.3029466973528983,-0.4507422593157064,0.0008850282341270
-0.8396753624049856,-0.3029466973528983,0.4507422593157063,0.0008850282341270
-0.8396753624049856,-0.3029466973528983,-0.4507422593157064,0.0008850282341270
0.4507422593157064,0.8396753624049856,0.3029466973528981,0.0008850282341270
0.4507422593157064,0.8396753624049856,-0.3029466973528983,0.0008850282341270
0.4507422593157064,-0.8396753624049856,0.3029466973528981,0.0008850282341270
0.4507422593157064,-0.8396753624049856,-0.3029466973528983,0.0008850282341270
-0.4507422593157064,0.8396753624049856,0.3029466973528981,0.0008850282341270
-0.4507422593157064,0.8396753624049856,-0.3029466973528983,0.0008850282341270
-0.4507422593157064,-0.8396753624049856,0.3029466973528981,0.0008850282341270
-0.4507422593157064,-0.8396753624049856,-0.3029466973528983,0.0008850282341270
0.4507422593157064,0.3029466973528983,0.8396753624049856,0.0008850282341270
0.4507422593157063,0.3029466973528982,-0.8396753624049857,0.0008850282341270
0.4507422593157064,-0.3029466973528983,0.8396753624049856,0.0008850282341270
0.4507422593157063,-0.3029466973528982,-0.8396753624049857,0.0008850282341270
-0.4507422593157064,0.3029466973528983,0.8396753624049856,0.0008850282341270
-0.4507422593157063,0.3029466973528982,-0.8396753624049857,0.0008850282341270
-0.4507422593157064,-0.3029466973528983,0.8396753624049856,0.0008850282341270
-0.4507422593157063,-0.3029466973528982,-0.8396753624049857,0.0008850282341270
0.3029466973528981,0.8396753624049857,0.4507422593157063,0.0008850282341270
0.3029466973528981,0.8396753624049857,-0.4507422593157064,0.0008850282341270
0.3029466973528981,-0.8396753624049857,0.4507422593157063,0.0008850282341270
0.3029466973528981,-0.8396753624049857,-0.4507422593157064,0.0008850282341270
-0.3029466973528983,0.8396753624049856,0.4507422593157063,0.0008850282341270
-0.3029466973528983,0.8396753624049856,-0.4507422593157064,0.0008850282341270
-0.3029466973528983,-0.8396753624049856,0.4507422593157063,0.0008850282341270
-0.3029466973528983,-0.8396753624049856,-0.4507422593157064,0.0008850282341270
0.3029466973528981,0.4507422593157065,0.8396753624049856,0.0008850282341270
0.3029466973528981,0.4507422593157064,-0.8396753624049857,0.0008850282341270
0.3029466973528981,-0.4507422593157065,0.8396753624049856,0.0008850282341270
0.3029466973528981,-0.4507422593157064,-0.8396753624049857,0.0008850282341270
-0.3029466973528983,0.4507422593157064,0.8396753624049856,0.0008850282341270
-0.3029466973528982,0.4507422593157063,-0.8396753624049857,0.0008850282341270
-0.3029466973528983,-0.4507422593157064,0.8396753624049856,0.0008850282341270
-0.3029466973528982,-0.4507422593157063,-0.8396753624049857,0.0008850282341270
0.8165288564022188,0.5632123020762100,0.1267774800684279,0.0009021342299040
0.8165288564022188,0.5632123020762100,-0.1267774800684281,0.0009021342299040
0.8165288564022188,-0.5632123020762100,0.1267774800684279,0.0009021342299040
0.8165288564022188,-0.5632123020762100,-0.1267774800684281,0.0009021342299040
-0.8165288564022191,0.5632123020762098,0.1267774800684279,0.0009021342299040
-0.8165288564022191,0.5632123020762098,-0.1267774800684281,0.0009021342299040
-0.8165288564022191,-0.5632123020762098,0.1267774800684279,0.0009021342299040
-0.8165288564022191,-0.5632123020762098,-0.1267774800684281,0.0009021342299040
0.8165288564022188,0.1267774800684286,0.5632123020762099,0.0009021342299040
0.8165288564022187,0.1267774800684286,-0.5632123020762100,0.0009021342299040
0.8165288564022188,-0.1267774800684286,0.5632123020762099,0.0009021342299040
0.8165288564022187,-0.1267774800684286,-0.5632123020762100,0.0009021342299040
-0.8165288564022188,0.1267774800684283,0.5632123020762099,0.0009021342299040
-0.8165288564022187,0.1267774800684283,-0.5632123020762100,0.0009021342299040
-0.8165288564022188,-0.1267774800684283,0.5632123020762099,0.0009021342299040
-0.8165288564022187,-0.1267774800684283,-0.5632123020762100,0.0009021342299040
0.5632123020762100,0.8165288564022189,0.1267774800684279,0.0009021342299040
0.5632123020762100,0.8165288564022189,-0.1267774800684281,0.0009021342299040
0.5632123020762100,-0.8165288564022189,0.1267774800684279,0.0009021342299040
0.5632123020762100,-0.8165288564022189,-0.1267774800684281,0.0009021342299040
-0.5632123020762098,0.8165288564022191,0.1267774800684279,0.0009021342299040
-0.5632123020762098,0.8165288564022191,-0.1267774800684281,0.0009021342299040
-0.5632123020762098,-0.8165288564022191,0.1267774800684279,0.0009021342299040
-0.5632123020762098,-0.8165288564022191,-0.1267774800684281,0.0009021342299040
0.5632123020762099,0.1267774800684283,0.8165288564022188,0.0009021342299040
0.5632123020762098,0.1267774800684283,-0.8165288564022189,0.0009021342299040
0.5632123020762099,-0.1267774800684283,0.8165288564022188,0.0009021342299040
0.5632123020762098,-0.1267774800684283,-0.8165288564022189,0.0009021342299040
-0.5632123020762099,0.1267774800684282,0.8165288564022188,0.0009021342299040
-0.5632123020762098,0.1267774800684281,-0.8165288564022189,0.0009021342299040
-0.5632123020762099,-0.1267774800684282,0.8165288564022188,0.0009021342299040
-0.5632123020762098,-0.1267774800684281,-0.8165288564022189,0.0009021342299040
0.1267774800684279,0.8165288564022188,0.5632123020762099,0.0009021342299040
0.1267774800684279,0.8165288564022187,-0.5632123020762100,0.0009021342299040
0.1267774800684279,-0.8165288564022188,0.5632123020762099,0.0009021342299040
0.1267774800684279,-0.8165288564022187,-0.5632123020762100,0.0009021342299040
-0.1267774800684281,0.8165288564022188,0.5632123020762099,0.0009021342299040
-0.1267774800684281,0.8165288564022187,-0.5632123020762100,0.0009021342299040
-0.1267774800684281,-0.8165288564022188,0.5632123020762099,0.0009021342299040
-0.1267774800684281,-0.8165288564022187,-0.5632123020762100,0.0009021342299040
0.1267774800684280,0.5632123020762100,0.8165288564022188,0.0009021342299040
0.1267774800684280,0.5632123020762099,-0.8165288564022189,0.0009021342299040
0.1267774800684280,-0.5632123020762100,0.8165288564022188,0.0009021342299040
0.1267774800684280,-0.5632123020762099,-0.8165288564022189,0.0009021342299040
-0.1267774800684280,0.5632123020762100,0.8165288564022188,0.0009021342299040
-0.1267774800684280,0.5632123020762099,-0.8165288564022189,0.0009021342299040
-0.1267774800684280,-0.5632123020762100,0.8165288564022188,0.0009021342299040
-0.1267774800684280,-0.5632123020762099,-0.8165288564022189,0.0009021342299040
0.8015469370783529,0.5434303569693899,0.2494112162362237,0.0009010091677110
0.8015469370783529,0.5434303569693899,-0.2494112162362237,0.0009010091677110
0.8015469370783529,-0.5434303569693899,0.2494112162362237,0.0009010091677110
0.8015469370783529,-0.5434303569693899,-0.2494112162362237,0.0009010091677110
-0.8015469370783530,0.5434303569693898,0.2494112162362237,0.0009010091677110
-0.8015469370783530,0.5434303569693898,-0.2494112162362237,0.0009010091677110
-0.8015469370783530,-0.5434303569693898,0.2494112162362237,0.0009010091677110
-0.8015469370783530,-0.5434303569693898,-0.2494112162362237,0.0009010091677110
0.8015469370783530,0.2494112162362235,0.5434303569693899,0.0009010091677110
0.8015469370783530,0.2494112162362235,-0.5434303569693899,0.0009010091677110
0.8015469370783530,-0.2494112162362235,0.5434303569693899,0.0009010091677110
0.8015469370783530,-0.2494112162362235,-0.5434303569693899,0.0009010091677110
-0.8015469370783530,0.2494112162362234,0.5434303569693899,0.0009010091677110
-0.8015469370783530,0.2494112162362234,-0.5434303569693899,0.0009010091677110
-0.8015469370783530,-0.2494112162362234,0.5434303569693899,0.0009010091677110
-0.8015469370783530,-0.2494112162362234,-0.5434303569693899,0.0009010091677110
0.5434303569693899,0.8015469370783529,0.2494112162362237,0.0009010091677110
0.5434303569693899,0.8015469370783529,-0.2494112162362237,0.0009010091677110
0.5434303569693899,-0.8015469370783529,0.2494112162362237,0.0009010091677110
0.5434303569693899,-0.8015469370783529,-0.2494112162362237,0.0009010091677110
-0.5434303569693901,0.8015469370783528,0.2494112162362237,0.0009010091677110
-0.5434303569693901,0.8015469370783528,-0.2494112162362237,0.0009010091677110
-0.5434303569693901,-0.8015469370783528,0.2494112162362237,0.0009010091677110
-0.5434303569693901,-0.8015469370783528,-0.2494112162362237,0.0009010091677110
0.5434303569693900,0.2494112162362235,0.8015469370783529,0.0009010091677110
0.5434303569693900,0.2494112162362235,-0.8015469370783529,0.0009010091677110
0.5434303569693900,-0.2494112162362235,0.8015469370783529,0.0009010091677110
0.5434303569693900,-0.2494112162362235,-0.8015469370783529,0.0009010091677110
-0.5434303569693900,0.2494112162362235,0.8015469370783529,0.0009010091677110
-0.5434303569693900,0.2494112162362235,-0.8015469370783529,0.0009010091677110
-0.5434303569693900,-0.2494112162362235,0.8015469370783529,0.0009010091677110
-0.5434303569693900,-0.2494112162362235,-0.8015469370783529,0.0009010091677110
0.2494112162362237,0.8015469370783530,0.5434303569693899,0.0009010091677110
0.2494112162362237,0.8015469370783530,-0.5434303569693899,0.0009010091677110
0.2494112162362237,-0.8015469370783530,0.5434303569693899,0.0009010091677110
0.2494112162362237,-0.8015469370783530,-0.5434303569693899,0.0009010091677110
-0.2494112162362239,0.8015469370783529,0.5434303569693899,0.0009010091677110
-0.2494112162362239,0.8015469370783529,-0.5434303569693899,0.0009010091677110
-0.2494112162362239,-0.8015469370783529,0.5434303569693899,0.0009010091677110
-0.2494112162362239,-0.8015469370783529,-0.5434303569693899,0.0009010091677110
0.2494112162362236,0.5434303569693900,0.8015469370783529,0.0009010091677110
0.2494112162362236,0.5434303569693900,-0.8015469370783529,0.0009010091677110
0.2494112162362236,-0.5434303569693900,0.8015469370783529,0.0009010091677110
0.2494112162362236,-0.5434303569693900,-0.8015469370783529,0.0009010091677110
-0.2494112162362238,0.5434303569693900,0.8015469370783529,0.0009010091677110
-0.2494112162362238,0.5434303569693900,-0.8015469370783529,0.0009010091677110
-0.2494112162362238,-0.5434303569693900,0.8015469370783529,0.0009010091677110
-0.2494112162362238,-0.5434303569693900,-0.8015469370783529,0.0009010091677110
0.7773563069070352,0.5123518486419870,0.3649832260597653,0.0009022692938430
0.7773563069070351,0.5123518486419869,-0.3649832260597655,0.0009022692938430
0.7773563069070352,-0.5123518486419870,0.3649832260597653,0.0009022692938430
0.7773563069070351,-0.5123518486419869,-0.3649832260597655,0.0009022692938430
-0.7773563069070351,0.5123518486419871,0.3649832260597653,0.0009022692938430
-0.7773563069070349,0.5123518486419870,-0.3649832260597655,0.0009022692938430
-0.7773563069070351,-0.5123518486419871,0.3649832260597653,0.0009022692938430
-0.7773563069070349,-0.5123518486419870,-0.3649832260597655,0.0009022692938430
0.7773563069070352,0.3649832260597654,0.5123518486419870,0.0009022692938430
0.7773563069070349,0.3649832260597652,-0.5123518486419874,0.0009022692938430
0.7773563069070352,-0.3649832260597654,0.5123518486419870,0.0009022692938430
0.7773563069070349,-0.3649832260597652,-0.5123518486419874,0.0009022692938430
-0.7773563069070352,0.3649832260597653,0.5123518486419870,0.0009022692938430
-0.7773563069070349,0.3649832260597652,-0.5123518486419874,0.0009022692938430
-0.7773563069070352,-0.3649832260597653,0.5123518486419870,0.0009022692938430
-0.7773563069070349,-0.3649832260597652,-0.5123518486419874,0.0009022692938430
0.5123518486419872,0.7773563069070351,0.3649832260597653,0.0009022692938430
0.5123518486419871,0.7773563069070349,-0.3649832260597655,0.0009022692938430
0.5123518486419872,-0.7773563069070351,0.3649832260597653,0.0009022692938430
0.5123518486419871,-0.7773563069070349,-0.3649832260597655,0.0009022692938430
-0.5123518486419874,0.7773563069070349,0.3649832260597653,0.0009022692938430
-0.5123518486419872,0.7773563069070348,-0.3649832260597655,0.0009022692938430
-0.5123518486419874,-0.7773563069070349,0.3649832260597653,0.0009022692938430
-0.5123518486419872,-0.7773563069070348,-0.3649832260597655,0.0009022692938430
0.5123518486419874,0.3649832260597655,0.7773563069070349,0.0009022692938430
0.5123518486419869,0.3649832260597652,-0.7773563069070353,0.0009022692938430
0.5123518486419874,-0.3649832260597655,0.7773563069070349,0.0009022692938430
0.5123518486419869,-0.3649832260597652,-0.7773563069070353,0.0009022692938430
-0.5123518486419871,0.3649832260597657,0.7773563069070349,0.0009022692938430
-0.5123518486419868,0.3649832260597654,-0.7773563069070353,0.0009022692938430
-0.5123518486419871,-0.3649832260597657,0.7773563069070349,0.0009022692938430
-0.5123518486419868,-0.3649832260597654,-0.7773563069070353,0.0009022692938430
0.3649832260597655,0.7773563069070352,0.5123518486419870,0.0009022692938430
0.3649832260597654,0.7773563069070349,-0.5123518486419874,0.0009022692938430
0.3649832260597655,-0.7773563069070352,0.5123518486419870,0.0009022692938430
0.3649832260597654,-0.7773563069070349,-0.5123518486419874,0.0009022692938430
-0.3649832260597655,0.7773563069070352,0.5123518486419870,0.0009022692938430
-0.3649832260597654,0.7773563069070349,-0.5123518486419874,0.0009022692938430
-0.3649832260597655,-0.7773563069070352,0.5123518486419870,0.0009022692938430
-0.3649832260597654,-0.7773563069070349,-0.5123518486419874,0.0009022692938430
0.3649832260597655,0.5123518486419874,0.7773563069070349,0.0009022692938430
0.3649832260597652,0.5123518486419869,-0.7773563069070353,0.0009022692938430
0.3649832260597655,-0.5123518486419874,0.7773563069070349,0.0009022692938430
0.3649832260597652,-0.5123518486419869,-0.7773563069070353,0.0009022692938430
-0.3649832260597656,0.5123518486419872,0.7773563069070349,0.0009022692938430
-0.3649832260597654,0.5123518486419869,-0.7773563069070353,0.0009022692938430
-0.3649832260597656,-0.5123518486419872,0.7773563069070349,0.0009022692938430
-0.3649832260597654,-0.5123518486419869,-0.7773563069070353,0.0009022692938430
0.7661621213900394,0.6394279634749102,0.0642454922422075,0.0009158016174690
0.7661621213900394,0.6394279634749102,-0.0642454922422077,0.0009158016174690
0.7661621213900394,-0.6394279634749102,0.0642454922422075,0.0009158016174690
0.7661621213900394,-0.6394279634749102,-0.0642454922422077,0.0009158016174690
-0.7661621213900397,0.6394279634749098,0.0642454922422075,0.0009158016174690
-0.7661621213900397,0.6394279634749098,-0.0642454922422077,0.0009158016174690
-0.7661621213900397,-0.6394279634749098,0.0642454922422075,0.0009158016174690
-0.7661621213900397,-0.6394279634749098,-0.0642454922422077,0.0009158016174690
0.7661621213900394,0.0642454922422082,0.6394279634749100,0.0009158016174690
0.7661621213900394,0.0642454922422082,-0.6394279634749102,0.0009158016174690
0.7661621213900394,-0.0642454922422082,0.6394279634749100,0.0009158016174690
0.7661621213900394,-0.0642454922422082,-0.6394279634749102,0.0009158016174690
-0.7661621213900394,0.0642454922422082,0.6394279634749100,0.0009158016174690
-0.7661621213900394,0.0642454922422082,-0.6394279634749102,0.0009158016174690
-0.7661621213900394,-0.0642454922422082,0.6394279634749100,0.0009158016174690
-0.7661621213900394,-0.0642454922422082,-0.6394279634749102,0.0009158016174690
0.6394279634749102,0.7661621213900394,0.0642454922422075,0.0009158016174690
0.6394279634749102,0.7661621213900394,-0.0642454922422077,0.0009158016174690
0.6394279634749102,-0.7661621213900394,0.0642454922422075,0.0009158016174690
0.6394279634749102,-0.7661621213900394,-0.0642454922422077,0.0009158016174690
-0.6394279634749102,0.7661621213900394,0.0642454922422075,0.0009158016174690
-0.6394279634749102,0.7661621213900394,-0.0642454922422077,0.0009158016174690
-0.6394279634749102,-0.7661621213900394,0.0642454922422075,0.0009158016174690
-0.6394279634749102,-0.7661621213900394,-0.0642454922422077,0.0009158016174690
0.6394279634749103,0.0642454922422073,0.7661621213900394,0.0009158016174690
0.6394279634749102,0.0642454922422073,-0.7661621213900394,0.0009158016174690
0.6394279634749103,-0.0642454922422073,0.7661621213900394,0.0009158016174690
0.6394279634749102,-0.0642454922422073,-0.7661621213900394,0.0009158016174690
-0.6394279634749103,0.0642454922422075,0.7661621213900394,0.0009158016174690
-0.6394279634749102,0.0642454922422074,-0.7661621213900394,0.0009158016174690
-0.6394279634749103,-0.0642454922422075,0.7661621213900394,0.0009158016174690
-0.6394279634749102,-0.0642454922422074,-0.7661621213900394,0.0009158016174690
0.0642454922422074,0.7661621213900395,0.6394279634749100,0.0009158016174690
0.0642454922422074,0.7661621213900395,-0.6394279634749102,0.0009158016174690
0.0642454922422074,-0.7661621213900395,0.6394279634749100,0.0009158016174690
0.0642454922422074,-0.7661621213900395,-0.6394279634749102,0.0009158016174690
-0.0642454922422076,0.7661621213900395,0.6394279634749100,0.0009158016174690
-0.0642454922422076,0.7661621213900395,-0.6394279634749102,0.0009158016174690
-0.0642454922422076,-0.7661621213900395,0.6394279634749100,0.0009158016174690
-0.0642454922422076,-0.7661621213900395,-0.6394279634749102,0.0009158016174690
0.0642454922422075,0.6394279634749103,0.7661621213900394,0.0009158016174690
0.0642454922422074,0.6394279634749102,-0.7661621213900394,0.0009158016174690
0.0642454922422075,-0.6394279634749103,0.7661621213900394,0.0009158016174690
0.0642454922422074,-0.6394279634749102,-0.7661621213900394,0.0009158016174690
-0.0642454922422076,0.6394279634749102,0.7661621213900394,0.0009158016174690
-0.0642454922422076,0.6394279634749100,-0.7661621213900394,0.0009158016174690
-0.0642454922422076,-0.6394279634749102,0.7661621213900394,0.0009158016174690
-0.0642454922422076,-0.6394279634749100,-0.7661621213900394,0.0009158016174690
0.7553584143533510,0.6269805509024392,0.1906018222779234,0.0009131578003190
0.7553584143533510,0.6269805509024392,-0.1906018222779236,0.0009131578003190
0.7553584143533510,-0.6269805509024392,0.1906018222779234,0.0009131578003190
0.7553584143533510,-0.6269805509024392,-0.1906018222779236,0.0009131578003190
-0.7553584143533510,0.6269805509024392,0.1906018222779234,0.0009131578003190
-0.7553584143533510,0.6269805509024392,-0.1906018222779236,0.0009131578003190
-0.7553584143533510,-0.6269805509024392,0.1906018222779234,0.0009131578003190
-0.7553584143533510,-0.6269805509024392,-0.1906018222779236,0.0009131578003190
0.7553584143533510,0.1906018222779237,0.6269805509024391,0.0009131578003190
0.7553584143533508,0.1906018222779236,-0.6269805509024394,0.0009131578003190
0.7553584143533510,-0.1906018222779237,0.6269805509024391,0.0009131578003190
0.7553584143533508,-0.1906018222779236,-0.6269805509024394,0.0009131578003190
-0.7553584143533510,0.1906018222779235,0.6269805509024391,0.0009131578003190
-0.7553584143533509,0.1906018222779235,-0.6269805509024394,0.0009131578003190
-0.7553584143533510,-0.1906018222779235,0.6269805509024391,0.0009131578003190
-0.7553584143533509,-0.1906018222779235,-0.6269805509024394,0.0009131578003190
0.6269805509024392,0.7553584143533510,0.1906018222779234,0.0009131578003190
0.6269805509024392,0.7553584143533510,-0.1906018222779236,0.0009131578003190
0.6269805509024392,-0.7553584143533510,0.1906018222779234,0.0009131578003190
0.6269805509024392,-0.7553584143533510,-0.1906018222779236,0.0009131578003190
-0.6269805509024392,0.7553584143533510,0.1906018222779234,0.0009131578003190
-0.6269805509024392,0.7553584143533510,-0.1906018222779236,0.0009131578003190
-0.6269805509024392,-0.7553584143533510,0.1906018222779234,0.0009131578003190
-0.6269805509024392,-0.7553584143533510,-0.1906018222779236,0.0009131578003190
0.6269805509024392,0.1906018222779231,0.7553584143533510,0.0009131578003190
0.6269805509024393,0.1906018222779232,-0.7553584143533509,0.0009131578003190
0.6269805509024392,-0.1906018222779231,0.7553584143533510,0.0009131578003190
0.6269805509024393,-0.1906018222779232,-0.7553584143533509,0.0009131578003190
-0.6269805509024393,0.1906018222779229,0.7553584143533510,0.0009131578003190
-0.6269805509024394,0.1906018222779229,-0.7553584143533509,0.0009131578003190
-0.6269805509024393,-0.1906018222779229,0.7553584143533510,0.0009131578003190
-0.6269805509024394,-0.1906018222779229,-0.7553584143533509,0.0009131578003190
0.1906018222779233,0.7553584143533510,0.6269805509024391,0.0009131578003190
0.1906018222779232,0.7553584143533509,-0.6269805509024394,0.0009131578003190
0.1906018222779233,-0.7553584143533510,0.6269805509024391,0.0009131578003190
0.1906018222779232,-0.7553584143533509,-0.6269805509024394,0.0009131578003190
-0.1906018222779233,0.7553584143533510,0.6269805509024391,0.0009131578003190
-0.1906018222779232,0.7553584143533509,-0.6269805509024394,0.0009131578003190
-0.1906018222779233,-0.7553584143533510,0.6269805509024391,0.0009131578003190
-0.1906018222779232,-0.7553584143533509,-0.6269805509024394,0.0009131578003190
0.1906018222779232,0.6269805509024392,0.7553584143533510,0.0009131578003190
0.1906018222779233,0.6269805509024393,-0.7553584143533509,0.0009131578003190
0.1906018222779232,-0.6269805509024392,0.7553584143533510,0.0009131578003190
0.1906018222779233,-0.6269805509024393,-0.7553584143533509,0.0009131578003190
-0.1906018222779234,0.6269805509024392,0.7553584143533510,0.0009131578003190
-0.1906018222779234,0.6269805509024393,-0.7553584143533509,0.0009131578003190
-0.1906018222779234,-0.6269805509024392,0.7553584143533510,0.0009131578003190
-0.1906018222779234,-0.6269805509024393,-0.7553584143533509,0.0009131578003190
0.7344305757559503,0.6031161693096310,0.3112275947149609,0.0009107813579480
0.7344305757559503,0.6031161693096310,-0.3112275947149609,0.0009107813579480
0.7344305757559503,-0.6031161693096310,0.3112275947149609,0.0009107813579480
0.7344305757559503,-0.6031161693096310,-0.3112275947149609,0.0009107813579480
-0.7344305757559502,0.6031161693096311,0.3112275947149609,0.0009107813579480
-0.7344305757559502,0.6031161693096311,-0.3112275947149609,0.0009107813579480
-0.7344305757559502,-0.6031161693096311,0.3112275947149609,0.0009107813579480
-0.7344305757559502,-0.6031161693096311,-0.3112275947149609,0.0009107813579480
0.7344305757559504,0.3112275947149606,0.6031161693096310,0.0009107813579480
0.7344305757559505,0.3112275947149607,-0.6031161693096307,0.0009107813579480
0.7344305757559504,-0.3112275947149606,0.6031161693096310,0.0009107813579480
0.7344305757559505,-0.3112275947149607,-0.6031161693096307,0.0009107813579480
-0.7344305757559504,0.3112275947149606,0.6031161693096310,0.0009107813579480
-0.7344305757559505,0.3112275947149607,-0.6031161693096307,0.0009107813579480
-0.7344305757559504,-0.3112275947149606,0.6031161693096310,0.0009107813579480
-0.7344305757559505,-0.3112275947149607,-0.6031161693096307,0.0009107813579480
0.6031161693096310,0.7344305757559504,0.3112275947149609,0.0009107813579480
0.6031161693096310,0.7344305757559504,-0.3112275947149609,0.0009107813579480
0.6031161693096310,-0.7344305757559504,0.3112275947149609,0.0009107813579480
0.6031161693096310,-0.7344305757559504,-0.3112275947149609,0.0009107813579480
-0.6031161693096309,0.7344305757559504,0.3112275947149609,0.0009107813579480
-0.6031161693096309,0.7344305757559504,-0.3112275947149609,0.0009107813579480
-0.6031161693096309,-0.7344305757559504,0.3112275947149609,0.0009107813579480
-0.6031161693096309,-0.7344305757559504,-0.3112275947149609,0.0009107813579480
0.6031161693096310,0.3112275947149609,0.7344305757559503,0.0009107813579480
0.6031161693096310,0.3112275947149609,-0.7344305757559503,0.0009107813579480
0.6031161693096310,-0.3112275947149609,0.7344305757559503,0.0009107813579480
0.6031161693096310,-0.3112275947149609,-0.7344305757559503,0.0009107813579480
-0.6031161693096309,0.3112275947149610,0.7344305757559503,0.0009107813579480
-0.6031161693096309,0.3112275947149610,-0.7344305757559503,0.0009107813579480
-0.6031161693096309,-0.3112275947149610,0.7344305757559503,0.0009107813579480
-0.6031161693096309,-0.3112275947149610,-0.7344305757559503,0.0009107813579480
0.3112275947149609,0.7344305757559503,0.6031161693096310,0.0009107813579480
0.3112275947149609,0.7344305757559504,-0.6031161693096307,0.0009107813579480
0.3112275947149609,-0.7344305757559503,0.6031161693096310,0.0009107813579480
0.3112275947149609,-0.7344305757559504,-0.6031161693096307,0.0009107813579480
-0.3112275947149611,0.7344305757559503,0.6031161693096310,0.0009107813579480
-0.3112275947149611,0.7344305757559504,-0.6031161693096307,0.0009107813579480
-0.3112275947149611,-0.7344305757559503,0.6031161693096310,0.0009107813579480
-0.3112275947149611,-0.7344305757559504,-0.6031161693096307,0.0009107813579480
0.3112275947149608,0.6031161693096311,0.7344305757559503,0.0009107813579480
0.3112275947149608,0.6031161693096311,-0.7344305757559503,0.0009107813579480
0.3112275947149608,-0.6031161693096311,0.7344305757559503,0.0009107813579480
0.3112275947149608,-0.6031161693096311,-0.7344305757559503,0.0009107813579480
-0.3112275947149608,0.6031161693096310,0.7344305757559503,0.0009107813579480
-0.3112275947149608,0.6031161693096310,-0.7344305757559503,0.0009107813579480
-0.3112275947149608,-0.6031161693096310,0.7344305757559503,0.0009107813579480
-0.3112275947149608,-0.6031161693096310,-0.7344305757559503,0.0009107813579480
0.7043837184021766,0.5693702498468439,0.4238644781522340,0.0009105760258970
0.7043837184021766,0.5693702498468439,-0.4238644781522340,0.0009105760258970
0.7043837184021766,-0.5693702498468439,0.4238644781522340,0.0009105760258970
0.7043837184021766,-0.5693702498468439,-0.4238644781522340,0.0009105760258970
-0.7043837184021764,0.5693702498468441,0.4238644781522340,0.0009105760258970
-0.7043837184021764,0.5693702498468441,-0.4238644781522340,0.0009105760258970
-0.7043837184021764,-0.5693702498468441,0.4238644781522340,0.0009105760258970
-0.7043837184021764,-0.5693702498468441,-0.4238644781522340,0.0009105760258970
0.7043837184021765,0.4238644781522340,0.5693702498468440,0.0009105760258970
0.7043837184021764,0.4238644781522339,-0.5693702498468443,0.0009105760258970
0.7043837184021765,-0.4238644781522340,0.5693702498468440,0.0009105760258970
0.7043837184021764,-0.4238644781522339,-0.5693702498468443,0.0009105760258970
-0.7043837184021766,0.4238644781522338,0.5693702498468440,0.0009105760258970
-0.7043837184021765,0.4238644781522337,-0.5693702498468443,0.0009105760258970
-0.7043837184021766,-0.4238644781522338,0.5693702498468440,0.0009105760258970
-0.7043837184021765,-0.4238644781522337,-0.5693702498468443,0.0009105760258970
0.5693702498468439,0.7043837184021766,0.4238644781522340,0.0009105760258970
0.5693702498468439,0.7043837184021766,-0.4238644781522340,0.0009105760258970
0.5693702498468439,-0.7043837184021766,0.4238644781522340,0.0009105760258970
0.5693702498468439,-0.7043837184021766,-0.4238644781522340,0.0009105760258970
-0.5693702498468441,0.7043837184021764,0.4238644781522340,0.0009105760258970
-0.5693702498468441,0.7043837184021764,-0.4238644781522340,0.0009105760258970
-0.5693702498468441,-0.7043837184021764,0.4238644781522340,0.0009105760258970
-0.5693702498468441,-0.7043837184021764,-0.4238644781522340,0.0009105760258970
0.5693702498468441,0.4238644781522339,0.7043837184021765,0.0009105760258970
0.5693702498468440,0.4238644781522339,-0.7043837184021766,0.0009105760258970
0.5693702498468441,-0.4238644781522339,0.7043837184021765,0.0009105760258970
0.5693702498468440,-0.4238644781522339,-0.7043837184021766,0.0009105760258970
-0.5693702498468441,0.4238644781522339,0.7043837184021765,0.0009105760258970
-0.5693702498468440,0.4238644781522339,-0.7043837184021766,0.0009105760258970
-0.5693702498468441,-0.4238644781522339,0.7043837184021765,0.0009105760258970
-0.5693702498468440,-0.4238644781522339,-0.7043837184021766,0.0009105760258970
0.4238644781522339,0.7043837184021765,0.5693702498468440,0.0009105760258970
0.4238644781522338,0.7043837184021764,-0.5693702498468443,0.0009105760258970
0.4238644781522339,-0.7043837184021765,0.5693702498468440,0.0009105760258970
0.4238644781522338,-0.7043837184021764,-0.5693702498468443,0.0009105760258970
-0.4238644781522340,0.7043837184021765,0.5693702498468440,0.0009105760258970
-0.4238644781522339,0.7043837184021764,-0.5693702498468443,0.0009105760258970
-0.4238644781522340,-0.7043837184021765,0.5693702498468440,0.0009105760258970
-0.4238644781522339,-0.7043837184021764,-0.5693702498468443,0.0009105760258970
0.4238644781522339,0.5693702498468441,0.7043837184021765,0.0009105760258970
0.4238644781522339,0.5693702498468440,-0.7043837184021766,0.0009105760258970
0.4238644781522339,-0.5693702498468441,0.7043837184021765,0.0009105760258970
0.4238644781522339,-0.5693702498468440,-0.7043837184021766,0.0009105760258970
-0.4238644781522341,0.5693702498468440,0.7043837184021765,0.0009105760258970
-0.4238644781522340,0.5693702498468439,-0.7043837184021766,0.0009105760258970
-0.4238644781522341,-0.5693702498468440,0.7043837184021765,0.0009105760258970
-0.4238644781522340,-0.5693702498468439,-0.7043837184021766,0.0009105760258970
