1.0000000000000000,0.0000000000000000,0.0000000000000000,0.0005265897968220
-1.0000000000000000,0.0000000000000000,0.0000000000000000,0.0005265897968220
0.0000000000000000,1.0000000000000000,0.0000000000000000,0.0005265897968220
0.0000000000000000,-1.0000000000000000,0.0000000000000000,0.0005265897968220
0.0000000000000000,0.0000000000000000,1.0000000000000000,0.0005265897968220
0.0000000000000000,0.0000000000000000,-1.0000000000000000,0.0005265897968220
0.0000000000000000,0.7071067811865475,0.7071067811865475,0.0025482199720030
0.0000000000000000,0.7071067811865475,-0.7071067811865475,0.0025482199720030
0.0000000000000000,-0.7071067811865475,0.7071067811865475,0.0025482199720030
0.0000000000000000,-0.7071067811865475,-0.7071067811865475,0.0025482199720030
0.7071067811865475,0.0000000000000000,0.7071067811865475,0.0025482199720030
0.7071067811865475,0.0000000000000000,-0.7071067811865475,0.0025482199720030
-0.7071067811865475,0.0000000000000000,0.7071067811865475,0.0025482199720030
-0.7071067811865475,0.0000000000000000,-0.7071067811865475,0.0025482199720030
0.7071067811865475,0.7071067811865475,0.0000000000000000,0.0025482199720030
0.7071067811865475,-0.7071067811865475,0.0000000000000000,0.0025482199720030
-0.7071067811865475,0.7071067811865475,0.0000000000000000,0.0025482199720030
-0.7071067811865475,-0.7071067811865475,0.0000000000000000,0.0025482199720030
0.5773502691896257,0.5773502691896257,0.5773502691896257,0.0025123174189270
0.5773502691896257,0.5773502691896257,-0.5773502691896257,0.0025123174189270
0.5773502691896257,-0.5773502691896257,0.5773502691896257,0.0025123174189270
0.5773502691896257,-0.5773502691896257,-0.5773502691896257,0.0025123174189270
-0.5773502691896257,0.5773502691896257,0.5773502691896257,0.0025123174189270
-0.5773502691896257,0.5773502691896257,-0.5773502691896257,0.0025123174189270
-0.5773502691896257,-0.5773502691896257,0.5773502691896257,0.0025123174189270
-0.5773502691896257,-0.5773502691896257,-0.5773502691896257,0.0025123174189270
0.6909346307509111,0.6909346307509111,0.2126468247075516,0.0025304038011860
0.6909346307509111,0.6909346307509111,-0.2126468247075519,0.0025304038011860
0.6909346307509111,-0.6909346307509111,0.2126468247075516,0.0025304038011860
0.6909346307509111,-0.6909346307509111,-0.2126468247075519,0.0025304038011860
-0.6909346307509111,0.6909346307509111,0.2126468247075516,0.0025304038011860
-0.6909346307509111,0.6909346307509111,-0.2126468247075519,0.0025304038011860
-0.6909346307509111,-0.6909346307509111,0.2126468247075516,0.0025304038011860
-0.6909346307509111,-0.6909346307509111,-0.2126468247075519,0.0025304038011860
0.6909346307509111,0.2126468247075518,0.6909346307509111,0.0025304038011860
0.6909346307509111,-0.2126468247075518,0.6909346307509111,0.0025304038011860
0.6909346307509111,0.2126468247075518,-0.6909346307509111,0.0025304038011860
0.6909346307509111,-0.2126468247075518,-0.6909346307509111,0.0025304038011860
-0.6909346307509112,0.2126468247075515,0.6909346307509111,0.0025304038011860
-0.6909346307509112,-0.2126468247075515,0.6909346307509111,0.0025304038011860
-0.6909346307509112,0.2126468247075515,-0.6909346307509111,0.0025304038011860
-0.6909346307509112,-0.2126468247075515,-0.6909346307509111,0.0025304038011860
0.2126468247075517,0.6909346307509111,0.6909346307509111,0.0025304038011860
-0.2126468247075518,0.6909346307509111,0.6909346307509111,0.0025304038011860
0.2126468247075517,0.6909346307509111,-0.6909346307509111,0.0025304038011860
-0.2126468247075518,0.6909346307509111,-0.6909346307509111,0.0025304038011860
0.2126468247075517,-0.6909346307509111,0.6909346307509111,0.0025304038011860
-0.2126468247075518,-0.6909346307509111,0.6909346307509111,0.0025304038011860
0.2126468247075517,-0.6909346307509111,-0.6909346307509111,0.0025304038011860
-0.2126468247075518,-0.6909346307509111,-0.6909346307509111,0.0025304038011860
0.1774836054609158,0.1774836054609158,0.9679871587914728,0.0020142790209190
0.1774836054609157,0.1774836054609157,-0.9679871587914728,0.0020142790209190
0.1774836054609158,-0.1774836054609158,0.9679871587914728,0.0020142790209190
0.1774836054609157,-0.1774836054609157,-0.9679871587914728,0.0020142790209190
-0.1774836054609158,0.1774836054609158,0.9679871587914728,0.0020142790209190
-0.1774836054609157,0.1774836054609157,-0.9679871587914728,0.0020142790209190
-0.1774836054609158,-0.1774836054609158,0.9679871587914728,0.0020142790209190
-0.1774836054609157,-0.1774836054609157,-0.9679871587914728,0.0020142790209190
0.1774836054609157,0.9679871587914729,0.1774836054609158,0.0020142790209190
0.1774836054609157,-0.9679871587914729,0.1774836054609158,0.0020142790209190
0.1774836054609157,0.9679871587914728,-0.1774836054609160,0.0020142790209190
0.1774836054609157,-0.9679871587914728,-0.1774836054609160,0.0020142790209190
-0.1774836054609160,0.9679871587914728,0.1774836054609158,0.0020142790209190
-0.1774836054609160,-0.9679871587914728,0.1774836054609158,0.0020142790209190
-0.1774836054609159,0.9679871587914727,-0.1774836054609160,0.0020142790209190
-0.1774836054609159,-0.9679871587914727,-0.1774836054609160,0.0020142790209190
0.9679871587914729,0.1774836054609157,0.1774836054609158,0.0020142790209190
-0.9679871587914729,0.1774836054609157,0.1774836054609158,0.0020142790209190
0.9679871587914728,0.1774836054609156,-0.1774836054609160,0.0020142790209190
-0.9679871587914728,0.1774836054609157,-0.1774836054609160,0.0020142790209190
0.9679871587914729,-0.1774836054609157,0.1774836054609158,0.0020142790209190
-0.9679871587914729,-0.1774836054609157,0.1774836054609158,0.0020142790209190
0.9679871587914728,-0.1774836054609156,-0.1774836054609160,0.0020142790209190
-0.9679871587914728,-0.1774836054609157,-0.1774836054609160,0.0020142790209190
0.4914342637784745,0.4914342637784745,0.7190165010408436,0.0025017251684030
0.4914342637784745,0.4914342637784745,-0.7190165010408436,0.0025017251684030
0.4914342637784745,-0.4914342637784745,0.7190165010408436,0.0025017251684030
0.4914342637784745,-0.4914342637784745,-0.7190165010408436,0.0025017251684030
-0.4914342637784745,0.4914342637784745,0.7190165010408436,0.0025017251684030
-0.4914342637784745,0.4914342637784745,-0.7190165010408436,0.0025017251684030
-0.4914342637784745,-0.4914342637784745,0.7190165010408436,0.0025017251684030
-0.4914342637784745,-0.4914342637784745,-0.7190165010408436,0.0025017251684030
0.4914342637784745,0.7190165010408436,0.4914342637784746,0.0025017251684030
0.4914342637784745,-0.7190165010408436,0.4914342637784746,0.0025017251684030
0.4914342637784745,0.7190165010408437,-0.4914342637784744,0.0025017251684030
0.4914342637784745,-0.7190165010408437,-0.4914342637784744,0.0025017251684030
-0.4914342637784745,0.7190165010408436,0.4914342637784746,0.0025017251684030
-0.4914342637784745,-0.7190165010408436,0.4914342637784746,0.0025017251684030
-0.4914342637784745,0.7190165010408437,-0.4914342637784744,0.0025017251684030
-0.4914342637784745,-0.7190165010408437,-0.4914342637784744,0.0025017251684030
0.7190165010408435,0.4914342637784745,0.4914342637784746,0.0025017251684030
-0.7190165010408437,0.4914342637784744,0.4914342637784746,0.0025017251684030
0.7190165010408436,0.4914342637784747,-0.4914342637784744,0.0025017251684030
-0.7190165010408438,0.4914342637784744,-0.4914342637784744,0.0025017251684030
0.7190165010408435,-0.4914342637784745,0.4914342637784746,0.0025017251684030
-0.7190165010408437,-0.4914342637784744,0.4914342637784746,0.0025017251684030
0.7190165010408436,-0.4914342637784747,-0.4914342637784744,0.0025017251684030
-0.7190165010408438,-0.4914342637784744,-0.4914342637784744,0.0025017251684030
0.6456664707424256,0.6456664707424256,0.4077126648977695,0.0025132671745980
0.6456664707424256,0.6456664707424256,-0.4077126648977696,0.0025132671745980
0.6456664707424256,-0.6456664707424256,0.4077126648977695,0.0025132671745980
0.6456664707424256,-0.6456664707424256,-0.4077126648977696,0.0025132671745980
-0.6456664707424256,0.6456664707424256,0.4077126648977695,0.0025132671745980
-0.6456664707424256,0.6456664707424256,-0.4077126648977696,0.0025132671745980
-0.6456664707424256,-0.6456664707424256,0.4077126648977695,0.0025132671745980
-0.6456664707424256,-0.6456664707424256,-0.4077126648977696,0.0025132671745980
0.6456664707424256,0.4077126648977696,0.6456664707424256,0.0025132671745980
0.6456664707424256,-0.4077126648977696,0.6456664707424256,0.0025132671745980
0.6456664707424253,0.4077126648977695,-0.6456664707424259,0.0025132671745980
0.6456664707424253,-0.4077126648977695,-0.6456664707424259,0.0025132671745980
-0.6456664707424256,0.4077126648977696,0.6456664707424256,0.0025132671745980
-0.6456664707424256,-0.4077126648977696,0.6456664707424256,0.0025132671745980
-0.6456664707424253,0.4077126648977695,-0.6456664707424259,0.0025132671745980
-0.6456664707424253,-0.4077126648977695,-0.6456664707424259,0.0025132671745980
0.4077126648977696,0.6456664707424256,0.6456664707424256,0.0025132671745980
-0.4077126648977695,0.6456664707424257,0.6456664707424256,0.0025132671745980
0.4077126648977695,0.6456664707424253,-0.6456664707424259,0.0025132671745980
-0.4077126648977694,0.6456664707424254,-0.6456664707424259,0.0025132671745980
0.4077126648977696,-0.6456664707424256,0.6456664707424256,0.0025132671745980
-0.4077126648977695,-0.6456664707424257,0.6456664707424256,0.0025132671745980
0.4077126648977695,-0.6456664707424253,-0.6456664707424259,0.0025132671745980
-0.4077126648977694,-0.6456664707424254,-0.6456664707424259,0.0025132671745980
0.2861289010307638,0.2861289010307638,0.9144728011208725,0.0023026947822270
0.2861289010307636,0.2861289010307636,-0.9144728011208726,0.0023026947822270
0.2861289010307638,-0.2861289010307638,0.9144728011208725,0.0023026947822270
0.2861289010307636,-0.2861289010307636,-0.9144728011208726,0.0023026947822270
-0.2861289010307638,0.2861289010307638,0.9144728011208725,0.0023026947822270
-0.2861289010307636,0.2861289010307636,-0.9144728011208726,0.0023026947822270
-0.2861289010307638,-0.2861289010307638,0.9144728011208725,0.0023026947822270
-0.2861289010307636,-0.2861289010307636,-0.9144728011208726,0.0023026947822270
0.2861289010307638,0.9144728011208725,0.2861289010307637,0.0023026947822270
0.2861289010307638,-0.9144728011208725,0.2861289010307637,0.0023026947822270
0.2861289010307638,0.9144728011208725,-0.2861289010307638,0.0023026947822270
0.2861289010307638,-0.9144728011208725,-0.2861289010307638,0.0023026947822270
-0.2861289010307640,0.9144728011208724,0.2861289010307637,0.0023026947822270
-0.2861289010307640,-0.9144728011208724,0.2861289010307637,0.0023026947822270
-0.2861289010307640,0.9144728011208724,-0.2861289010307638,0.0023026947822270
-0.2861289010307640,-0.9144728011208724,-0.2861289010307638,0.0023026947822270
0.9144728011208725,0.2861289010307638,0.2861289010307637,0.0023026947822270
-0.9144728011208725,0.2861289010307638,0.2861289010307637,0.0023026947822270
0.9144728011208725,0.2861289010307638,-0.2861289010307638,0.0023026947822270
-0.9144728011208725,0.2861289010307638,-0.2861289010307638,0.0023026947822270
0.9144728011208725,-0.2861289010307638,0.2861289010307637,0.0023026947822270
-0.9144728011208725,-0.2861289010307638,0.2861289010307637,0.0023026947822270
0.9144728011208725,-0.2861289010307638,-0.2861289010307638,0.0023026947822270
-0.9144728011208725,-0.2861289010307638,-0.2861289010307638,0.0023026947822270
0.0756808436717804,0.0756808436717804,0.9942559126312778,0.0014624956215950
0.0756808436717805,0.0756808436717805,-0.9942559126312778,0.0014624956215950
0.0756808436717804,-0.0756808436717804,0.9942559126312778,0.0014624956215950
0.0756808436717805,-0.0756808436717805,-0.9942559126312778,0.0014624956215950
-0.0756808436717804,0.0756808436717804,0.9942559126312778,0.0014624956215950
-0.0756808436717805,0.0756808436717805,-0.9942559126312778,0.0014624956215950
-0.0756808436717804,-0.0756808436717804,0.9942559126312778,0.0014624956215950
-0.0756808436717805,-0.0756808436717805,-0.9942559126312778,0.0014624956215950
0.0756808436717801,0.9942559126312779,0.0756808436717799,0.0014624956215950
0.0756808436717801,-0.9942559126312779,0.0756808436717799,0.0014624956215950
0.0756808436717801,0.9942559126312779,-0.0756808436717802,0.0014624956215950
0.0756808436717801,-0.9942559126312779,-0.0756808436717802,0.0014624956215950
-0.0756808436717801,0.9942559126312779,0.0756808436717799,0.0014624956215950
-0.0756808436717801,-0.9942559126312779,0.0756808436717799,0.0014624956215950
-0.0756808436717801,0.9942559126312779,-0.0756808436717802,0.0014624956215950
-0.0756808436717801,-0.9942559126312779,-0.0756808436717802,0.0014624956215950
0.9942559126312779,0.0756808436717798,0.0756808436717799,0.0014624956215950
-0.9942559126312779,0.0756808436717794,0.0756808436717799,0.0014624956215950
0.9942559126312779,0.0756808436717798,-0.0756808436717802,0.0014624956215950
-0.9942559126312779,0.0756808436717794,-0.0756808436717802,0.0014624956215950
0.9942559126312779,-0.0756808436717798,0.0756808436717799,0.0014624956215950
-0.9942559126312779,-0.0756808436717794,0.0756808436717799,0.0014624956215950
0.9942559126312779,-0.0756808436717798,-0.0756808436717802,0.0014624956215950
-0.9942559126312779,-0.0756808436717794,-0.0756808436717802,0.0014624956215950
0.3927259763368002,0.3927259763368002,0.8315844004192323,0.0024453734373130
0.3927259763368001,0.3927259763368001,-0.8315844004192324,0.0024453734373130
0.3927259763368002,-0.3927259763368002,0.8315844004192323,0.0024453734373130
0.3927259763368001,-0.3927259763368001,-0.8315844004192324,0.0024453734373130
-0.3927259763368002,0.3927259763368002,0.8315844004192323,0.0024453734373130
-0.3927259763368001,0.3927259763368001,-0.8315844004192324,0.0024453734373130
-0.3927259763368002,-0.3927259763368002,0.8315844004192323,0.0024453734373130
-0.3927259763368001,-0.3927259763368001,-0.8315844004192324,0.0024453734373130
0.3927259763368000,0.8315844004192324,0.3927259763368001,0.0024453734373130
0.3927259763368000,-0.8315844004192324,0.3927259763368001,0.0024453734373130
0.3927259763367999,0.8315844004192323,-0.3927259763368003,0.0024453734373130
0.3927259763367999,-0.8315844004192323,-0.3927259763368003,0.0024453734373130
-0.3927259763368000,0.8315844004192324,0.3927259763368001,0.0024453734373130
-0.3927259763368000,-0.8315844004192324,0.3927259763368001,0.0024453734373130
-0.3927259763367999,0.8315844004192323,-0.3927259763368003,0.0024453734373130
-0.3927259763367999,-0.8315844004192323,-0.3927259763368003,0.0024453734373130
0.8315844004192323,0.3927259763368002,0.3927259763368001,0.0024453734373130
-0.8315844004192324,0.3927259763368000,0.3927259763368001,0.0024453734373130
0.8315844004192322,0.3927259763368001,-0.3927259763368003,0.0024453734373130
-0.8315844004192323,0.3927259763367999,-0.3927259763368003,0.0024453734373130
0.8315844004192323,-0.3927259763368002,0.3927259763368001,0.0024453734373130
-0.8315844004192324,-0.3927259763368000,0.3927259763368001,0.0024453734373130
0.8315844004192322,-0.3927259763368001,-0.3927259763368003,0.0024453734373130
-0.8315844004192323,-0.3927259763367999,-0.3927259763368003,0.0024453734373130
0.8818132877794288,0.4715986911513159,0.0000000000000000,0.0024174423756390
0.8818132877794288,-0.4715986911513159,0.0000000000000000,0.0024174423756390
-0.8818132877794289,0.4715986911513158,0.0000000000000000,0.0024174423756390
-0.8818132877794289,-0.4715986911513158,0.0000000000000000,0.0024174423756390
0.4715986911513158,0.8818132877794289,0.0000000000000000,0.0024174423756390
0.4715986911513158,-0.8818132877794289,0.0000000000000000,0.0024174423756390
-0.4715986911513160,0.8818132877794288,0.0000000000000000,0.0024174423756390
-0.4715986911513160,-0.8818132877794288,0.0000000000000000,0.0024174423756390
0.8818132877794289,0.0000000000000000,0.4715986911513158,0.0024174423756390
0.8818132877794288,0.0000000000000000,-0.4715986911513160,0.0024174423756390
-0.8818132877794289,0.0000000000000000,0.4715986911513158,0.0024174423756390
-0.8818132877794288,0.0000000000000000,-0.4715986911513160,0.0024174423756390
0.4715986911513159,0.0000000000000000,0.8818132877794288,0.0024174423756390
0.4715986911513158,0.0000000000000000,-0.8818132877794289,0.0024174423756390
-0.4715986911513159,0.0000000000000000,0.8818132877794288,0.0024174423756390
-0.4715986911513158,0.0000000000000000,-0.8818132877794289,0.0024174423756390
0.0000000000000000,0.8818132877794289,0.4715986911513158,0.0024174423756390
0.0000000000000000,0.8818132877794288,-0.4715986911513160,0.0024174423756390
0.0000000000000000,-0.8818132877794289,0.4715986911513158,0.0024174423756390
0.0000000000000000,-0.8818132877794288,-0.4715986911513160,0.0024174423756390
0.0000000000000000,0.4715986911513159,0.8818132877794288,0.0024174423756390
0.0000000000000000,0.4715986911513158,-0.8818132877794289,0.0024174423756390
0.0000000000000000,-0.4715986911513159,0.8818132877794288,0.0024174423756390
0.0000000000000000,-0.4715986911513158,-0.8818132877794289,0.0024174423756390
0.9776428111182649,0.2102725228573069,0.0000000000000000,0.0019109512821800
0.9776428111182649,-0.2102725228573069,0.0000000000000000,0.0019109512821800
-0.9776428111182649,0.2102725228573068,0.0000000000000000,0.0019109512821800
-0.9776428111182649,-0.2102725228573068,0.0000000000000000,0.0019109512821800
0.2102725228573068,0.9776428111182649,0.0000000000000000,0.0019109512821800
0.2102725228573068,-0.9776428111182649,0.0000000000000000,0.0019109512821800
-0.2102725228573070,0.9776428111182649,0.0000000000000000,0.0019109512821800
-0.2102725228573070,-0.9776428111182649,0.0000000000000000,0.0019109512821800
0.9776428111182649,0.0000000000000000,0.2102725228573068,0.0019109512821800
0.9776428111182649,0.0000000000000000,-0.2102725228573070,0.0019109512821800
-0.9776428111182649,0.0000000000000000,0.2102725228573068,0.0019109512821800
-0.9776428111182649,0.0000000000000000,-0.2102725228573070,0.0019109512821800
0.2102725228573069,0.0000000000000000,0.9776428111182649,0.0019109512821800
0.2102725228573068,0.0000000000000000,-0.9776428111182649,0.0019109512821800
-0.2102725228573069,0.0000000000000000,0.9776428111182649,0.0019109512821800
-0.2102725228573068,0.0000000000000000,-0.9776428111182649,0.0019109512821800
0.0000000000000000,0.9776428111182649,0.2102725228573068,0.0019109512821800
0.0000000000000000,0.9776428111182649,-0.2102725228573070,0.0019109512821800
0.0000000000000000,-0.9776428111182649,0.2102725228573068,0.0019109512821800
0.0000000000000000,-0.9776428111182649,-0.2102725228573070,0.0019109512821800
0.0000000000000000,0.2102725228573069,0.9776428111182649,0.0019109512821800
0.0000000000000000,0.2102725228573068,-0.9776428111182649,0.0019109512821800
0.0000000000000000,-0.2102725228573069,0.9776428111182649,0.0019109512821800
0.0000000000000000,-0.2102725228573068,-0.9776428111182649,0.0019109512821800
0.2054823696403044,0.8689460322872411,0.4502330382582625,0.0024169300443250
0.2054823696403043,0.8689460322872410,-0.4502330382582627,0.0024169300443250
0.2054823696403044,-0.8689460322872411,0.4502330382582625,0.0024169300443250
0.2054823696403043,-0.8689460322872410,-0.4502330382582627,0.0024169300443250
-0.2054823696403046,0.8689460322872411,0.4502330382582625,0.0024169300443250
-0.2054823696403046,0.8689460322872410,-0.4502330382582627,0.0024169300443250
-0.2054823696403046,-0.8689460322872411,0.4502330382582625,0.0024169300443250
-0.2054823696403046,-0.8689460322872410,-0.4502330382582627,0.0024169300443250
0.2054823696403043,0.4502330382582625,0.8689460322872412,0.0024169300443250
0.2054823696403043,0.4502330382582623,-0.8689460322872413,0.0024169300443250
0.2054823696403043,-0.4502330382582625,0.8689460322872412,0.0024169300443250
0.2054823696403043,-0.4502330382582623,-0.8689460322872413,0.0024169300443250
-0.2054823696403043,0.4502330382582625,0.8689460322872412,0.0024169300443250
-0.2054823696403043,0.4502330382582623,-0.8689460322872413,0.0024169300443250
-0.2054823696403043,-0.4502330382582625,0.8689460322872412,0.0024169300443250
-0.2054823696403043,-0.4502330382582623,-0.8689460322872413,0.0024169300443250
0.8689460322872411,0.2054823696403045,0.4502330382582625,0.0024169300443250
0.8689460322872410,0.2054823696403045,-0.4502330382582627,0.0024169300443250
0.8689460322872411,-0.2054823696403045,0.4502330382582625,0.0024169300443250
0.8689460322872410,-0.2054823696403045,-0.4502330382582627,0.0024169300443250
-0.8689460322872411,0.2054823696403044,0.4502330382582625,0.0024169300443250
-0.8689460322872410,0.2054823696403043,-0.4502330382582627,0.0024169300443250
-0.8689460322872411,-0.2054823696403044,0.4502330382582625,0.0024169300443250
-0.8689460322872410,-0.2054823696403043,-0.4502330382582627,0.0024169300443250
0.8689460322872412,0.4502330382582625,0.2054823696403042,0.0024169300443250
0.8689460322872412,0.4502330382582625,-0.2054823696403045,0.0024169300443250
0.8689460322872412,-0.4502330382582625,0.2054823696403042,0.0024169300443250
0.8689460322872412,-0.4502330382582625,-0.2054823696403045,0.0024169300443250
-0.8689460322872413,0.4502330382582623,0.2054823696403042,0.0024169300443250
-0.8689460322872413,0.4502330382582623,-0.2054823696403045,0.0024169300443250
-0.8689460322872413,-0.4502330382582623,0.2054823696403042,0.0024169300443250
-0.8689460322872413,-0.4502330382582623,-0.2054823696403045,0.0024169300443250
0.4502330382582625,0.2054823696403043,0.8689460322872412,0.0024169300443250
0.4502330382582623,0.2054823696403043,-0.8689460322872413,0.0024169300443250
0.4502330382582625,-0.2054823696403043,0.8689460322872412,0.0024169300443250
0.4502330382582623,-0.2054823696403043,-0.8689460322872413,0.0024169300443250
-0.4502330382582626,0.2054823696403043,0.8689460322872412,0.0024169300443250
-0.4502330382582623,0.2054823696403042,-0.8689460322872413,0.0024169300443250
-0.4502330382582626,-0.2054823696403043,0.8689460322872412,0.0024169300443250
-0.4502330382582623,-0.2054823696403042,-0.8689460322872413,0.0024169300443250
0.4502330382582625,0.8689460322872412,0.2054823696403042,0.0024169300443250
0.4502330382582625,0.8689460322872412,-0.2054823696403045,0.0024169300443250
0.4502330382582625,-0.8689460322872412,0.2054823696403042,0.0024169300443250
0.4502330382582625,-0.8689460322872412,-0.2054823696403045,0.0024169300443250
-0.4502330382582628,0.8689460322872411,0.2054823696403042,0.0024169300443250
-0.4502330382582628,0.8689460322872411,-0.2054823696403045,0.0024169300443250
-0.4502330382582628,-0.8689460322872411,0.2054823696403042,0.0024169300443250
-0.4502330382582628,-0.8689460322872411,-0.2054823696403045,0.0024169300443250
0.5905157048925271,0.7999278543857286,0.1068018260758047,0.0025122368545630
0.5905157048925271,0.7999278543857286,-0.1068018260758050,0.0025122368545630
0.5905157048925271,-0.7999278543857286,0.1068018260758047,0.0025122368545630
0.5905157048925271,-0.7999278543857286,-0.1068018260758050,0.0025122368545630
-0.5905157048925272,0.7999278543857286,0.1068018260758047,0.0025122368545630
-0.5905157048925272,0.7999278543857286,-0.1068018260758050,0.0025122368545630
-0.5905157048925272,-0.7999278543857286,0.1068018260758047,0.0025122368545630
-0.5905157048925272,-0.7999278543857286,-0.1068018260758050,0.0025122368545630
0.5905157048925270,0.1068018260758048,0.7999278543857287,0.0025122368545630
0.5905157048925271,0.1068018260758048,-0.7999278543857284,0.0025122368545630
0.5905157048925270,-0.1068018260758048,0.7999278543857287,0.0025122368545630
0.5905157048925271,-0.1068018260758048,-0.7999278543857284,0.0025122368545630
-0.5905157048925270,0.1068018260758047,0.7999278543857287,0.0025122368545630
-0.5905157048925271,0.1068018260758047,-0.7999278543857284,0.0025122368545630
-0.5905157048925270,-0.1068018260758047,0.7999278543857287,0.0025122368545630
-0.5905157048925271,-0.1068018260758047,-0.7999278543857284,0.0025122368545630
0.7999278543857286,0.5905157048925272,0.1068018260758047,0.0025122368545630
0.7999278543857286,0.5905157048925272,-0.1068018260758050,0.0025122368545630
0.7999278543857286,-0.5905157048925272,0.1068018260758047,0.0025122368545630
0.7999278543857286,-0.5905157048925272,-0.1068018260758050,0.0025122368545630
-0.7999278543857286,0.5905157048925272,0.1068018260758047,0.0025122368545630
-0.7999278543857286,0.5905157048925272,-0.1068018260758050,0.0025122368545630
-0.7999278543857286,-0.5905157048925272,0.1068018260758047,0.0025122368545630
-0.7999278543857286,-0.5905157048925272,-0.1068018260758050,0.0025122368545630
0.7999278543857287,0.1068018260758047,0.5905157048925270,0.0025122368545630
0.7999278543857288,0.1068018260758047,-0.5905157048925269,0.0025122368545630
0.7999278543857287,-0.1068018260758047,0.5905157048925270,0.0025122368545630
0.7999278543857288,-0.1068018260758047,-0.5905157048925269,0.0025122368545630
-0.7999278543857287,0.1068018260758044,0.5905157048925270,0.0025122368545630
-0.7999278543857288,0.1068018260758044,-0.5905157048925269,0.0025122368545630
-0.7999278543857287,-0.1068018260758044,0.5905157048925270,0.0025122368545630
-0.7999278543857288,-0.1068018260758044,-0.5905157048925269,0.0025122368545630
0.1068018260758049,0.5905157048925270,0.7999278543857287,0.0025122368545630
0.1068018260758049,0.5905157048925271,-0.7999278543857284,0.0025122368545630
0.1068018260758049,-0.5905157048925270,0.7999278543857287,0.0025122368545630
0.1068018260758049,-0.5905157048925271,-0.7999278543857284,0.0025122368545630
-0.1068018260758049,0.5905157048925270,0.7999278543857287,0.0025122368545630
-0.1068018260758049,0.5905157048925271,-0.7999278543857284,0.0025122368545630
-0.1068018260758049,-0.5905157048925270,0.7999278543857287,0.0025122368545630
-0.1068018260758049,-0.5905157048925271,-0.7999278543857284,0.0025122368545630
0.1068018260758046,0.7999278543857287,0.5905157048925270,0.0025122368545630
0.1068018260758046,0.7999278543857288,-0.5905157048925269,0.0025122368545630
0.1068018260758046,-0.7999278543857287,0.5905157048925270,0.0025122368545630
0.1068018260758046,-0.7999278543857288,-0.5905157048925269,0.0025122368545630
-0.1068018260758048,0.7999278543857287,0.5905157048925270,0.0025122368545630
-0.1068018260758048,0.7999278543857288,-0.5905157048925269,0.0025122368545630
-0.1068018260758048,-0.7999278543857287,0.5905157048925270,0.0025122368545630
-0.1068018260758048,-0.7999278543857288,-0.5905157048925269,0.0025122368545630
0.5550152361076807,0.7717462626915902,0.3104284035166541,0.0024966440545530
0.5550152361076807,0.7717462626915902,-0.3104284035166541,0.0024966440545530
0.5550152361076807,-0.7717462626915902,0.3104284035166541,0.0024966440545530
0.5550152361076807,-0.7717462626915902,-0.3104284035166541,0.0024966440545530
-0.5550152361076809,0.7717462626915900,0.3104284035166541,0.0024966440545530
-0.5550152361076809,0.7717462626915900,-0.3104284035166541,0.0024966440545530
-0.5550152361076809,-0.7717462626915900,0.3104284035166541,0.0024966440545530
-0.5550152361076809,-0.7717462626915900,-0.3104284035166541,0.0024966440545530
0.5550152361076806,0.3104284035166542,0.7717462626915901,0.0024966440545530
0.5550152361076808,0.3104284035166543,-0.7717462626915900,0.0024966440545530
0.5550152361076806,-0.3104284035166542,0.7717462626915901,0.0024966440545530
0.5550152361076808,-0.3104284035166543,-0.7717462626915900,0.0024966440545530
-0.5550152361076806,0.3104284035166542,0.7717462626915901,0.0024966440545530
-0.5550152361076808,0.3104284035166543,-0.7717462626915900,0.0024966440545530
-0.5550152361076806,-0.3104284035166542,0.7717462626915901,0.0024966440545530
-0.5550152361076808,-0.3104284035166543,-0.7717462626915900,0.0024966440545530
0.7717462626915901,0.5550152361076808,0.3104284035166541,0.0024966440545530
0.7717462626915901,0.5550152361076808,-0.3104284035166541,0.0024966440545530
0.7717462626915901,-0.5550152361076808,0.3104284035166541,0.0024966440545530
0.7717462626915901,-0.5550152361076808,-0.3104284035166541,0.0024966440545530
-0.7717462626915902,0.5550152361076807,0.3104284035166541,0.0024966440545530
-0.7717462626915902,0.5550152361076807,-0.3104284035166541,0.0024966440545530
-0.7717462626915902,-0.5550152361076807,0.3104284035166541,0.0024966440545530
-0.7717462626915902,-0.5550152361076807,-0.3104284035166541,0.0024966440545530
0.7717462626915902,0.3104284035166542,0.5550152361076807,0.0024966440545530
0.7717462626915900,0.3104284035166542,-0.5550152361076809,0.0024966440545530
0.7717462626915902,-0.3104284035166542,0.5550152361076807,0.0024966440545530
0.7717462626915900,-0.3104284035166542,-0.5550152361076809,0.0024966440545530
-0.7717462626915903,0.3104284035166541,0.5550152361076807,0.0024966440545530
-0.7717462626915901,0.3104284035166540,-0.5550152361076809,0.0024966440545530
-0.7717462626915903,-0.3104284035166541,0.5550152361076807,0.0024966440545530
-0.7717462626915901,-0.3104284035166540,-0.5550152361076809,0.0024966440545530
0.3104284035166542,0.5550152361076807,0.7717462626915901,0.0024966440545530
0.3104284035166543,0.5550152361076809,-0.7717462626915900,0.0024966440545530
0.3104284035166542,-0.5550152361076807,0.7717462626915901,0.0024966440545530
0.3104284035166543,-0.5550152361076809,-0.7717462626915900,0.0024966440545530
-0.3104284035166542,0.5550152361076806,0.7717462626915901,0.0024966440545530
-0.3104284035166543,0.5550152361076808,-0.7717462626915900,0.0024966440545530
-0.3104284035166542,-0.5550152361076806,0.7717462626915901,0.0024966440545530
-0.3104284035166543,-0.5550152361076808,-0.7717462626915900,0.0024966440545530
0.3104284035166542,0.7717462626915902,0.5550152361076807,0.0024966440545530
0.3104284035166542,0.7717462626915900,-0.5550152361076809,0.0024966440545530
0.3104284035166542,-0.7717462626915902,0.5550152361076807,0.0024966440545530
0.3104284035166542,-0.7717462626915900,-0.5550152361076809,0.0024966440545530
-0.3104284035166545,0.7717462626915901,0.5550152361076807,0.0024966440545530
-0.3104284035166543,0.7717462626915899,-0.5550152361076809,0.0024966440545530
-0.3104284035166545,-0.7717462626915901,0.5550152361076807,0.0024966440545530
-0.3104284035166543,-0.7717462626915899,-0.5550152361076809,0.0024966440545530
0.9371809858553721,0.3344363145343455,0.0992176963642923,0.0022366077604380
0.9371809858553721,0.3344363145343455,-0.0992176963642923,0.0022366077604380
0.9371809858553721,-0.3344363145343455,0.0992176963642923,0.0022366077604380
0.9371809858553721,-0.3344363145343455,-0.0992176963642923,0.0022366077604380
-0.9371809858553721,0.3344363145343454,0.0992176963642923,0.0022366077604380
-0.9371809858553721,0.3344363145343454,-0.0992176963642923,0.0022366077604380
-0.9371809858553721,-0.3344363145343454,0.0992176963642923,0.0022366077604380
-0.9371809858553721,-0.3344363145343454,-0.0992176963642923,0.0022366077604380
0.9371809858553722,0.0992176963642922,0.3344363145343455,0.0022366077604380
0.9371809858553722,0.0992176963642922,-0.3344363145343455,0.0022366077604380
0.9371809858553722,-0.0992176963642922,0.3344363145343455,0.0022366077604380
0.9371809858553722,-0.0992176963642922,-0.3344363145343455,0.0022366077604380
-0.9371809858553722,0.0992176963642924,0.3344363145343455,0.0022366077604380
-0.9371809858553722,0.0992176963642924,-0.3344363145343455,0.0022366077604380
-0.9371809858553722,-0.0992176963642924,0.3344363145343455,0.0022366077604380
-0.9371809858553722,-0.0992176963642924,-0.3344363145343455,0.0022366077604380
0.3344363145343454,0.9371809858553721,0.0992176963642923,0.0022366077604380
0.3344363145343454,0.9371809858553721,-0.0992176963642923,0.0022366077604380
0.3344363145343454,-0.9371809858553721,0.0992176963642923,0.0022366077604380
0.3344363145343454,-0.9371809858553721,-0.0992176963642923,0.0022366077604380
-0.3344363145343454,0.9371809858553721,0.0992176963642923,0.0022366077604380
-0.3344363145343454,0.9371809858553721,-0.0992176963642923,0.0022366077604380
-0.3344363145343454,-0.9371809858553721,0.0992176963642923,0.0022366077604380
-0.3344363145343454,-0.9371809858553721,-0.0992176963642923,0.0022366077604380
0.3344363145343455,0.0992176963642923,0.9371809858553722,0.0022366077604380
0.3344363145343453,0.0992176963642922,-0.9371809858553724,0.0022366077604380
0.3344363145343455,-0.0992176963642923,0.9371809858553722,0.0022366077604380
0.3344363145343453,-0.0992176963642922,-0.9371809858553724,0.0022366077604380
-0.3344363145343455,0.0992176963642923,0.9371809858553722,0.0022366077604380
-0.3344363145343453,0.0992176963642923,-0.9371809858553724,0.0022366077604380
-0.3344363145343455,-0.0992176963642923,0.9371809858553722,0.0022366077604380
-0.3344363145343453,-0.0992176963642923,-0.9371809858553724,0.0022366077604380
0.0992176963642922,0.9371809858553722,0.3344363145343455,0.0022366077604380
0.0992176963642922,0.9371809858553722,-0.3344363145343455,0.0022366077604380
0.0992176963642922,-0.9371809858553722,0.3344363145343455,0.0022366077604380
0.0992176963642922,-0.9371809858553722,-0.3344363145343455,0.0022366077604380
-0.0992176963642922,0.9371809858553722,0.3344363145343455,0.0022366077604380
-0.0992176963642922,0.9371809858553722,-0.3344363145343455,0.0022366077604380
-0.0992176963642922,-0.9371809858553722,0.3344363145343455,0.0022366077604380
-0.0992176963642922,-0.9371809858553722,-0.3344363145343455,0.0022366077604380
0.0992176963642921,0.3344363145343456,0.9371809858553722,0.0022366077604380
0.0992176963642921,0.3344363145343454,-0.9371809858553724,0.0022366077604380
0.0992176963642921,-0.3344363145343456,0.9371809858553722,0.0022366077604380
0.0992176963642921,-0.3344363145343454,-0.9371809858553724,0.0022366077604380
-0.0992176963642922,0.3344363145343455,0.9371809858553722,0.0022366077604380
-0.0992176963642922,0.3344363145343453,-0.9371809858553724,0.0022366077604380
-0.0992176963642922,-0.3344363145343455,0.9371809858553722,0.0022366077604380
-0.0992176963642922,-0.3344363145343453,-0.9371809858553724,0.0022366077604380
