1.0000000000000000,0.0000000000000000,0.0000000000000000,0.0001438294190530
-1.0000000000000000,0.0000000000000000,0.0000000000000000,0.0001438294190530
0.0000000000000000,1.0000000000000000,0.0000000000000000,0.0001438294190530
0.0000000000000000,-1.0000000000000000,0.0000000000000000,0.0001438294190530
0.0000000000000000,0.0000000000000000,1.0000000000000000,0.0001438294190530
0.0000000000000000,0.0000000000000000,-1.0000000000000000,0.0001438294190530
0.5773502691896257,0.5773502691896257,0.5773502691896257,0.0011257722882870
0.5773502691896257,0.5773502691896257,-0.5773502691896257,0.0011257722882870
0.5773502691896257,-0.5773502691896257,0.5773502691896257,0.0011257722882870
0.5773502691896257,-0.5773502691896257,-0.5773502691896257,0.0011257722882870
-0.5773502691896257,0.5773502691896257,0.5773502691896257,0.0011257722882870
-0.5773502691896257,0.5773502691896257,-0.5773502691896257,0.0011257722882870
-0.5773502691896257,-0.5773502691896257,0.5773502691896257,0.0011257722882870
-0.5773502691896257,-0.5773502691896257,-0.5773502691896257,0.0011257722882870
0.0429296354534134,0.0429296354534134,0.9981553450238465,0.0004948029341950
0.0429296354534135,0.0429296354534135,-0.9981553450238465,0.0004948029341950
0.0429296354534134,-0.0429296354534134,0.9981553450238465,0.0004948029341950
0.0429296354534135,-0.0429296354534135,-0.9981553450238465,0.0004948029341950
-0.0429296354534134,0.0429296354534134,0.9981553450238465,0.0004948029341950
-0.0429296354534135,0.0429296354534135,-0.9981553450238465,0.0004948029341950
-0.0429296354534134,-0.0429296354534134,0.9981553450238465,0.0004948029341950
-0.0429296354534135,-0.0429296354534135,-0.9981553450238465,0.0004948029341950
0.0429296354534133,0.9981553450238465,0.0429296354534135,0.0004948029341950
0.0429296354534133,-0.9981553450238465,0.0429296354534135,0.0004948029341950
0.0429296354534133,0.9981553450238465,-0.0429296354534135,0.0004948029341950
0.0429296354534133,-0.9981553450238465,-0.0429296354534135,0.0004948029341950
-0.0429296354534135,0.9981553450238465,0.0429296354534135,0.0004948029341950
-0.0429296354534135,-0.9981553450238465,0.0429296354534135,0.0004948029341950
-0.0429296354534135,0.9981553450238465,-0.0429296354534135,0.0004948029341950
-0.0429296354534135,-0.9981553450238465,-0.0429296354534135,0.0004948029341950
0.9981553450238465,0.0429296354534136,0.0429296354534135,0.0004948029341950
-0.9981553450238465,0.0429296354534135,0.0429296354534135,0.0004948029341950
0.9981553450238465,0.0429296354534136,-0.0429296354534135,0.0004948029341950
-0.9981553450238465,0.0429296354534135,-0.0429296354534135,0.0004948029341950
0.9981553450238465,-0.0429296354534136,0.0429296354534135,0.0004948029341950
-0.9981553450238465,-0.0429296354534135,0.0429296354534135,0.0004948029341950
0.9981553450238465,-0.0429296354534136,-0.0429296354534135,0.0004948029341950
-0.9981553450238465,-0.0429296354534135,-0.0429296354534135,0.0004948029341950
0.1051426854086403,0.1051426854086403,0.9888832243546856,0.0007357990109130
0.1051426854086405,0.1051426854086405,-0.9888832243546856,0.0007357990109130
0.1051426854086403,-0.1051426854086403,0.9888832243546856,0.0007357990109130
0.1051426854086405,-0.1051426854086405,-0.9888832243546856,0.0007357990109130
-0.1051426854086403,0.1051426854086403,0.9888832243546856,0.0007357990109130
-0.1051426854086405,0.1051426854086405,-0.9888832243546856,0.0007357990109130
-0.1051426854086403,-0.1051426854086403,0.9888832243546856,0.0007357990109130
-0.1051426854086405,-0.1051426854086405,-0.9888832243546856,0.0007357990109130
0.1051426854086403,0.9888832243546856,0.1051426854086404,0.0007357990109130
0.1051426854086403,-0.9888832243546856,0.1051426854086404,0.0007357990109130
0.1051426854086403,0.9888832243546856,-0.1051426854086404,0.0007357990109130
0.1051426854086403,-0.9888832243546856,-0.1051426854086404,0.0007357990109130
-0.1051426854086406,0.9888832243546856,0.1051426854086404,0.0007357990109130
-0.1051426854086406,-0.9888832243546856,0.1051426854086404,0.0007357990109130
-0.1051426854086406,0.9888832243546856,-0.1051426854086404,0.0007357990109130
-0.1051426854086406,-0.9888832243546856,-0.1051426854086404,0.0007357990109130
0.9888832243546856,0.1051426854086405,0.1051426854086404,0.0007357990109130
-0.9888832243546856,0.1051426854086401,0.1051426854086404,0.0007357990109130
0.9888832243546856,0.1051426854086405,-0.1051426854086404,0.0007357990109130
-0.9888832243546856,0.1051426854086401,-0.1051426854086404,0.0007357990109130
0.9888832243546856,-0.1051426854086405,0.1051426854086404,0.0007357990109130
-0.9888832243546856,-0.1051426854086401,0.1051426854086404,0.0007357990109130
0.9888832243546856,-0.1051426854086405,-0.1051426854086404,0.0007357990109130
-0.9888832243546856,-0.1051426854086401,-0.1051426854086404,0.0007357990109130
0.1750024867623088,0.1750024867623088,0.9688902204347074,0.0008889132771300
0.1750024867623088,0.1750024867623088,-0.9688902204347074,0.0008889132771300
0.1750024867623088,-0.1750024867623088,0.9688902204347074,0.0008889132771300
0.1750024867623088,-0.1750024867623088,-0.9688902204347074,0.0008889132771300
-0.1750024867623088,0.1750024867623088,0.9688902204347074,0.0008889132771300
-0.1750024867623088,0.1750024867623088,-0.9688902204347074,0.0008889132771300
-0.1750024867623088,-0.1750024867623088,0.9688902204347074,0.0008889132771300
-0.1750024867623088,-0.1750024867623088,-0.9688902204347074,0.0008889132771300
0.1750024867623086,0.9688902204347074,0.1750024867623087,0.0008889132771300
0.1750024867623086,-0.9688902204347074,0.1750024867623087,0.0008889132771300
0.1750024867623086,0.9688902204347074,-0.1750024867623087,0.0008889132771300
0.1750024867623086,-0.9688902204347074,-0.1750024867623087,0.0008889132771300
-0.1750024867623086,0.9688902204347074,0.1750024867623087,0.0008889132771300
-0.1750024867623086,-0.9688902204347074,0.1750024867623087,0.0008889132771300
-0.1750024867623086,0.9688902204347074,-0.1750024867623087,0.0008889132771300
-0.1750024867623086,-0.9688902204347074,-0.1750024867623087,0.0008889132771300
0.9688902204347074,0.1750024867623084,0.1750024867623087,0.0008889132771300
-0.9688902204347074,0.1750024867623084,0.1750024867623087,0.0008889132771300
0.9688902204347074,0.1750024867623084,-0.1750024867623087,0.0008889132771300
-0.9688902204347074,0.1750024867623084,-0.1750024867623087,0.0008889132771300
0.9688902204347074,-0.1750024867623084,0.1750024867623087,0.0008889132771300
-0.9688902204347074,-0.1750024867623084,0.1750024867623087,0.0008889132771300
0.9688902204347074,-0.1750024867623084,-0.1750024867623087,0.0008889132771300
-0.9688902204347074,-0.1750024867623084,-0.1750024867623087,0.0008889132771300
0.2477653379650258,0.2477653379650258,0.9366027304071631,0.0009888347838920
0.2477653379650257,0.2477653379650257,-0.9366027304071631,0.0009888347838920
0.2477653379650258,-0.2477653379650258,0.9366027304071631,0.0009888347838920
0.2477653379650257,-0.2477653379650257,-0.9366027304071631,0.0009888347838920
-0.2477653379650258,0.2477653379650258,0.9366027304071631,0.0009888347838920
-0.2477653379650257,0.2477653379650257,-0.9366027304071631,0.0009888347838920
-0.2477653379650258,-0.2477653379650258,0.9366027304071631,0.0009888347838920
-0.2477653379650257,-0.2477653379650257,-0.9366027304071631,0.0009888347838920
0.2477653379650257,0.9366027304071631,0.2477653379650255,0.0009888347838920
0.2477653379650257,-0.9366027304071631,0.2477653379650255,0.0009888347838920
0.2477653379650256,0.9366027304071630,-0.2477653379650258,0.0009888347838920
0.2477653379650256,-0.9366027304071630,-0.2477653379650258,0.0009888347838920
-0.2477653379650257,0.9366027304071631,0.2477653379650255,0.0009888347838920
-0.2477653379650257,-0.9366027304071631,0.2477653379650255,0.0009888347838920
-0.2477653379650256,0.9366027304071630,-0.2477653379650258,0.0009888347838920
-0.2477653379650256,-0.9366027304071630,-0.2477653379650258,0.0009888347838920
0.9366027304071631,0.2477653379650258,0.2477653379650255,0.0009888347838920
-0.9366027304071631,0.2477653379650260,0.2477653379650255,0.0009888347838920
0.9366027304071630,0.2477653379650258,-0.2477653379650258,0.0009888347838920
-0.9366027304071630,0.2477653379650259,-0.2477653379650258,0.0009888347838920
0.9366027304071631,-0.2477653379650258,0.2477653379650255,0.0009888347838920
-0.9366027304071631,-0.2477653379650260,0.2477653379650255,0.0009888347838920
0.9366027304071630,-0.2477653379650258,-0.2477653379650258,0.0009888347838920
-0.9366027304071630,-0.2477653379650259,-0.2477653379650258,0.0009888347838920
0.3206567123955957,0.3206567123955957,0.8912679426476061,0.0010532996817090
0.3206567123955957,0.3206567123955957,-0.8912679426476061,0.0010532996817090
0.3206567123955957,-0.3206567123955957,0.8912679426476061,0.0010532996817090
0.3206567123955957,-0.3206567123955957,-0.8912679426476061,0.0010532996817090
-0.3206567123955957,0.3206567123955957,0.8912679426476061,0.0010532996817090
-0.3206567123955957,0.3206567123955957,-0.8912679426476061,0.0010532996817090
-0.3206567123955957,-0.3206567123955957,0.8912679426476061,0.0010532996817090
-0.3206567123955957,-0.3206567123955957,-0.8912679426476061,0.0010532996817090
0.3206567123955956,0.8912679426476061,0.3206567123955956,0.0010532996817090
0.3206567123955956,-0.8912679426476061,0.3206567123955956,0.0010532996817090
0.3206567123955956,0.8912679426476061,-0.3206567123955958,0.0010532996817090
0.3206567123955956,-0.8912679426476061,-0.3206567123955958,0.0010532996817090
-0.3206567123955956,0.8912679426476061,0.3206567123955956,0.0010532996817090
-0.3206567123955956,-0.8912679426476061,0.3206567123955956,0.0010532996817090
-0.3206567123955956,0.8912679426476061,-0.3206567123955958,0.0010532996817090
-0.3206567123955956,-0.8912679426476061,-0.3206567123955958,0.0010532996817090
0.8912679426476061,0.3206567123955955,0.3206567123955956,0.0010532996817090
-0.8912679426476061,0.3206567123955956,0.3206567123955956,0.0010532996817090
0.8912679426476061,0.3206567123955955,-0.3206567123955958,0.0010532996817090
-0.8912679426476061,0.3206567123955956,-0.3206567123955958,0.0010532996817090
0.8912679426476061,-0.3206567123955955,0.3206567123955956,0.0010532996817090
-0.8912679426476061,-0.3206567123955956,0.3206567123955956,0.0010532996817090
0.8912679426476061,-0.3206567123955955,-0.3206567123955958,0.0010532996817090
-0.8912679426476061,-0.3206567123955956,-0.3206567123955958,0.0010532996817090
0.3916520749849982,0.3916520749849982,0.8325967237023519,0.0010927788070150
0.3916520749849982,0.3916520749849982,-0.8325967237023520,0.0010927788070150
0.3916520749849982,-0.3916520749849982,0.8325967237023519,0.0010927788070150
0.3916520749849982,-0.3916520749849982,-0.8325967237023520,0.0010927788070150
-0.3916520749849982,0.3916520749849982,0.8325967237023519,0.0010927788070150
-0.3916520749849982,0.3916520749849982,-0.8325967237023520,0.0010927788070150
-0.3916520749849982,-0.3916520749849982,0.8325967237023519,0.0010927788070150
-0.3916520749849982,-0.3916520749849982,-0.8325967237023520,0.0010927788070150
0.3916520749849983,0.8325967237023519,0.3916520749849981,0.0010927788070150
0.3916520749849983,-0.8325967237023519,0.3916520749849981,0.0010927788070150
0.3916520749849983,0.8325967237023518,-0.3916520749849983,0.0010927788070150
0.3916520749849983,-0.8325967237023518,-0.3916520749849983,0.0010927788070150
-0.3916520749849983,0.8325967237023519,0.3916520749849981,0.0010927788070150
-0.3916520749849983,-0.8325967237023519,0.3916520749849981,0.0010927788070150
-0.3916520749849983,0.8325967237023518,-0.3916520749849983,0.0010927788070150
-0.3916520749849983,-0.8325967237023518,-0.3916520749849983,0.0010927788070150
0.8325967237023519,0.3916520749849984,0.3916520749849981,0.0010927788070150
-0.8325967237023520,0.3916520749849981,0.3916520749849981,0.0010927788070150
0.8325967237023518,0.3916520749849984,-0.3916520749849983,0.0010927788070150
-0.8325967237023519,0.3916520749849981,-0.3916520749849983,0.0010927788070150
0.8325967237023519,-0.3916520749849984,0.3916520749849981,0.0010927788070150
-0.8325967237023520,-0.3916520749849981,0.3916520749849981,0.0010927788070150
0.8325967237023518,-0.3916520749849984,-0.3916520749849983,0.0010927788070150
-0.8325967237023519,-0.3916520749849981,-0.3916520749849983,0.0010927788070150
0.4590825874187624,0.4590825874187624,0.7605829053152514,0.0011143893940630
0.4590825874187624,0.4590825874187624,-0.7605829053152515,0.0011143893940630
0.4590825874187624,-0.4590825874187624,0.7605829053152514,0.0011143893940630
0.4590825874187624,-0.4590825874187624,-0.7605829053152515,0.0011143893940630
-0.4590825874187624,0.4590825874187624,0.7605829053152514,0.0011143893940630
-0.4590825874187624,0.4590825874187624,-0.7605829053152515,0.0011143893940630
-0.4590825874187624,-0.4590825874187624,0.7605829053152514,0.0011143893940630
-0.4590825874187624,-0.4590825874187624,-0.7605829053152515,0.0011143893940630
0.4590825874187623,0.7605829053152515,0.4590825874187623,0.0011143893940630
0.4590825874187623,-0.7605829053152515,0.4590825874187623,0.0011143893940630
0.4590825874187622,0.7605829053152514,-0.4590825874187627,0.0011143893940630
0.4590825874187622,-0.7605829053152514,-0.4590825874187627,0.0011143893940630
-0.4590825874187625,0.7605829053152515,0.4590825874187623,0.0011143893940630
-0.4590825874187625,-0.7605829053152515,0.4590825874187623,0.0011143893940630
-0.4590825874187623,0.7605829053152514,-0.4590825874187627,0.0011143893940630
-0.4590825874187623,-0.7605829053152514,-0.4590825874187627,0.0011143893940630
0.7605829053152515,0.4590825874187623,0.4590825874187623,0.0011143893940630
-0.7605829053152515,0.4590825874187625,0.4590825874187623,0.0011143893940630
0.7605829053152514,0.4590825874187622,-0.4590825874187627,0.0011143893940630
-0.7605829053152514,0.4590825874187623,-0.4590825874187627,0.0011143893940630
0.7605829053152515,-0.4590825874187623,0.4590825874187623,0.0011143893940630
-0.7605829053152515,-0.4590825874187625,0.4590825874187623,0.0011143893940630
0.7605829053152514,-0.4590825874187622,-0.4590825874187627,0.0011143893940630
-0.7605829053152514,-0.4590825874187623,-0.4590825874187627,0.0011143893940630
0.5214563888415861,0.5214563888415861,0.6754009691084143,0.0011237247880520
0.5214563888415861,0.5214563888415861,-0.6754009691084142,0.0011237247880520
0.5214563888415861,-0.5214563888415861,0.6754009691084143,0.0011237247880520
0.5214563888415861,-0.5214563888415861,-0.6754009691084142,0.0011237247880520
-0.5214563888415861,0.5214563888415861,0.6754009691084143,0.0011237247880520
-0.5214563888415861,0.5214563888415861,-0.6754009691084142,0.0011237247880520
-0.5214563888415861,-0.5214563888415861,0.6754009691084143,0.0011237247880520
-0.5214563888415861,-0.5214563888415861,-0.6754009691084142,0.0011237247880520
0.5214563888415861,0.6754009691084143,0.5214563888415861,0.0011237247880520
0.5214563888415861,-0.6754009691084143,0.5214563888415861,0.0011237247880520
0.5214563888415860,0.6754009691084142,-0.5214563888415863,0.0011237247880520
0.5214563888415860,-0.6754009691084142,-0.5214563888415863,0.0011237247880520
-0.5214563888415861,0.6754009691084142,0.5214563888415861,0.0011237247880520
-0.5214563888415861,-0.6754009691084142,0.5214563888415861,0.0011237247880520
-0.5214563888415861,0.6754009691084141,-0.5214563888415863,0.0011237247880520
-0.5214563888415861,-0.6754009691084141,-0.5214563888415863,0.0011237247880520
0.6754009691084143,0.5214563888415861,0.5214563888415861,0.0011237247880520
-0.6754009691084144,0.5214563888415860,0.5214563888415861,0.0011237247880520
0.6754009691084142,0.5214563888415860,-0.5214563888415863,0.0011237247880520
-0.6754009691084143,0.5214563888415858,-0.5214563888415863,0.0011237247880520
0.6754009691084143,-0.5214563888415861,0.5214563888415861,0.0011237247880520
-0.6754009691084144,-0.5214563888415860,0.5214563888415861,0.0011237247880520
0.6754009691084142,-0.5214563888415860,-0.5214563888415863,0.0011237247880520
-0.6754009691084143,-0.5214563888415858,-0.5214563888415863,0.0011237247880520
0.6253170244654199,0.6253170244654199,0.4668589056957432,0.0011252393252440
0.6253170244654198,0.6253170244654198,-0.4668589056957433,0.0011252393252440
0.6253170244654199,-0.6253170244654199,0.4668589056957432,0.0011252393252440
0.6253170244654198,-0.6253170244654198,-0.4668589056957433,0.0011252393252440
-0.6253170244654199,0.6253170244654199,0.4668589056957432,0.0011252393252440
-0.6253170244654198,0.6253170244654198,-0.4668589056957433,0.0011252393252440
-0.6253170244654199,-0.6253170244654199,0.4668589056957432,0.0011252393252440
-0.6253170244654198,-0.6253170244654198,-0.4668589056957433,0.0011252393252440
0.6253170244654199,0.4668589056957433,0.6253170244654198,0.0011252393252440
0.6253170244654199,-0.4668589056957433,0.6253170244654198,0.0011252393252440
0.6253170244654198,0.4668589056957432,-0.6253170244654201,0.0011252393252440
0.6253170244654198,-0.4668589056957432,-0.6253170244654201,0.0011252393252440
-0.6253170244654199,0.4668589056957433,0.6253170244654198,0.0011252393252440
-0.6253170244654199,-0.4668589056957433,0.6253170244654198,0.0011252393252440
-0.6253170244654198,0.4668589056957432,-0.6253170244654201,0.0011252393252440
-0.6253170244654198,-0.4668589056957432,-0.6253170244654201,0.0011252393252440
0.4668589056957432,0.6253170244654199,0.6253170244654198,0.0011252393252440
-0.4668589056957433,0.6253170244654199,0.6253170244654198,0.0011252393252440
0.4668589056957431,0.6253170244654198,-0.6253170244654201,0.0011252393252440
-0.4668589056957432,0.6253170244654198,-0.6253170244654201,0.0011252393252440
0.4668589056957432,-0.6253170244654199,0.6253170244654198,0.0011252393252440
-0.4668589056957433,-0.6253170244654199,0.6253170244654198,0.0011252393252440
0.4668589056957431,-0.6253170244654198,-0.6253170244654201,0.0011252393252440
-0.4668589056957432,-0.6253170244654198,-0.6253170244654201,0.0011252393252440
0.6637926744523170,0.6637926744523170,0.3446136542374378,0.0011261532718160
0.6637926744523169,0.6637926744523169,-0.3446136542374380,0.0011261532718160
0.6637926744523170,-0.6637926744523170,0.3446136542374378,0.0011261532718160
0.6637926744523169,-0.6637926744523169,-0.3446136542374380,0.0011261532718160
-0.6637926744523170,0.6637926744523170,0.3446136542374378,0.0011261532718160
-0.6637926744523169,0.6637926744523169,-0.3446136542374380,0.0011261532718160
-0.6637926744523170,-0.6637926744523170,0.3446136542374378,0.0011261532718160
-0.6637926744523169,-0.6637926744523169,-0.3446136542374380,0.0011261532718160
0.6637926744523172,0.3446136542374380,0.6637926744523170,0.0011261532718160
0.6637926744523172,-0.3446136542374380,0.6637926744523170,0.0011261532718160
0.6637926744523169,0.3446136542374379,-0.6637926744523172,0.0011261532718160
0.6637926744523169,-0.3446136542374379,-0.6637926744523172,0.0011261532718160
-0.6637926744523173,0.3446136542374378,0.6637926744523170,0.0011261532718160
-0.6637926744523173,-0.3446136542374378,0.6637926744523170,0.0011261532718160
-0.6637926744523172,0.3446136542374377,-0.6637926744523172,0.0011261532718160
-0.6637926744523172,-0.3446136542374377,-0.6637926744523172,0.0011261532718160
0.3446136542374380,0.6637926744523172,0.6637926744523170,0.0011261532718160
-0.3446136542374382,0.6637926744523170,0.6637926744523170,0.0011261532718160
0.3446136542374379,0.6637926744523169,-0.6637926744523172,0.0011261532718160
-0.3446136542374381,0.6637926744523168,-0.6637926744523172,0.0011261532718160
0.3446136542374380,-0.6637926744523172,0.6637926744523170,0.0011261532718160
-0.3446136542374382,-0.6637926744523170,0.6637926744523170,0.0011261532718160
0.3446136542374379,-0.6637926744523169,-0.6637926744523172,0.0011261532718160
-0.3446136542374381,-0.6637926744523168,-0.6637926744523172,0.0011261532718160
0.6910410398498301,0.6910410398498301,0.2119541518501841,0.0011302869311240
0.6910410398498300,0.6910410398498300,-0.2119541518501844,0.0011302869311240
0.6910410398498301,-0.6910410398498301,0.2119541518501841,0.0011302869311240
0.6910410398498300,-0.6910410398498300,-0.2119541518501844,0.0011302869311240
-0.6910410398498301,0.6910410398498301,0.2119541518501841,0.0011302869311240
-0.6910410398498300,0.6910410398498300,-0.2119541518501844,0.0011302869311240
-0.6910410398498301,-0.6910410398498301,0.2119541518501841,0.0011302869311240
-0.6910410398498300,-0.6910410398498300,-0.2119541518501844,0.0011302869311240
0.6910410398498301,0.2119541518501844,0.6910410398498301,0.0011302869311240
0.6910410398498301,-0.2119541518501844,0.6910410398498301,0.0011302869311240
0.6910410398498301,0.2119541518501844,-0.6910410398498301,0.0011302869311240
0.6910410398498301,-0.2119541518501844,-0.6910410398498301,0.0011302869311240
-0.6910410398498302,0.2119541518501842,0.6910410398498301,0.0011302869311240
-0.6910410398498302,-0.2119541518501842,0.6910410398498301,0.0011302869311240
-0.6910410398498302,0.2119541518501842,-0.6910410398498301,0.0011302869311240
-0.6910410398498302,-0.2119541518501842,-0.6910410398498301,0.0011302869311240
0.2119541518501842,0.6910410398498302,0.6910410398498301,0.0011302869311240
-0.2119541518501844,0.6910410398498301,0.6910410398498301,0.0011302869311240
0.2119541518501842,0.6910410398498302,-0.6910410398498301,0.0011302869311240
-0.2119541518501844,0.6910410398498301,-0.6910410398498301,0.0011302869311240
0.2119541518501842,-0.6910410398498302,0.6910410398498301,0.0011302869311240
-0.2119541518501844,-0.6910410398498301,0.6910410398498301,0.0011302869311240
0.2119541518501842,-0.6910410398498302,-0.6910410398498301,0.0011302869311240
-0.2119541518501844,-0.6910410398498301,-0.6910410398498301,0.0011302869311240
0.7052907007457759,0.7052907007457759,0.0716244014499553,0.0011349865343640
0.7052907007457759,0.7052907007457759,-0.0716244014499553,0.0011349865343640
0.7052907007457759,-0.7052907007457759,0.0716244014499553,0.0011349865343640
0.7052907007457759,-0.7052907007457759,-0.0716244014499553,0.0011349865343640
-0.7052907007457759,0.7052907007457759,0.0716244014499553,0.0011349865343640
-0.7052907007457759,0.7052907007457759,-0.0716244014499553,0.0011349865343640
-0.7052907007457759,-0.7052907007457759,0.0716244014499553,0.0011349865343640
-0.7052907007457759,-0.7052907007457759,-0.0716244014499553,0.0011349865343640
0.7052907007457762,0.0716244014499550,0.7052907007457759,0.0011349865343640
0.7052907007457762,-0.0716244014499550,0.7052907007457759,0.0011349865343640
0.7052907007457759,0.0716244014499550,-0.7052907007457762,0.0011349865343640
0.7052907007457759,-0.0716244014499550,-0.7052907007457762,0.0011349865343640
-0.7052907007457762,0.0716244014499549,0.7052907007457759,0.0011349865343640
-0.7052907007457762,-0.0716244014499549,0.7052907007457759,0.0011349865343640
-0.7052907007457759,0.0716244014499549,-0.7052907007457762,0.0011349865343640
-0.7052907007457759,-0.0716244014499549,-0.7052907007457762,0.0011349865343640
0.0716244014499554,0.7052907007457762,0.7052907007457759,0.0011349865343640
-0.0716244014499554,0.7052907007457762,0.7052907007457759,0.0011349865343640
0.0716244014499554,0.7052907007457759,-0.7052907007457762,0.0011349865343640
-0.0716244014499554,0.7052907007457759,-0.7052907007457762,0.0011349865343640
0.0716244014499554,-0.7052907007457762,0.7052907007457759,0.0011349865343640
-0.0716244014499554,-0.7052907007457762,0.7052907007457759,0.0011349865343640
0.0716244014499554,-0.7052907007457759,-0.7052907007457762,0.0011349865343640
-0.0716244014499554,-0.7052907007457759,-0.7052907007457762,0.0011349865343640
0.1236686762657989,0.9923235654314903,0.0000000000000000,0.0006823367927110
0.1236686762657989,-0.9923235654314903,0.0000000000000000,0.0006823367927110
-0.1236686762657991,0.9923235654314901,0.0000000000000000,0.0006823367927110
-0.1236686762657991,-0.9923235654314901,0.0000000000000000,0.0006823367927110
0.9923235654314903,0.1236686762657986,0.0000000000000000,0.0006823367927110
0.9923235654314903,-0.1236686762657986,0.0000000000000000,0.0006823367927110
-0.9923235654314903,0.1236686762657984,0.0000000000000000,0.0006823367927110
-0.9923235654314903,-0.1236686762657984,0.0000000000000000,0.0006823367927110
0.1236686762657986,0.0000000000000000,0.9923235654314903,0.0006823367927110
0.1236686762657984,0.0000000000000000,-0.9923235654314903,0.0006823367927110
-0.1236686762657986,0.0000000000000000,0.9923235654314903,0.0006823367927110
-0.1236686762657984,0.0000000000000000,-0.9923235654314903,0.0006823367927110
0.9923235654314903,0.0000000000000000,0.1236686762657989,0.0006823367927110
0.9923235654314901,0.0000000000000000,-0.1236686762657991,0.0006823367927110
-0.9923235654314903,0.0000000000000000,0.1236686762657989,0.0006823367927110
-0.9923235654314901,0.0000000000000000,-0.1236686762657991,0.0006823367927110
0.0000000000000000,0.1236686762657986,0.9923235654314903,0.0006823367927110
0.0000000000000000,0.1236686762657984,-0.9923235654314903,0.0006823367927110
0.0000000000000000,-0.1236686762657986,0.9923235654314903,0.0006823367927110
0.0000000000000000,-0.1236686762657984,-0.9923235654314903,0.0006823367927110
0.0000000000000000,0.9923235654314903,0.1236686762657989,0.0006823367927110
0.0000000000000000,0.9923235654314901,-0.1236686762657991,0.0006823367927110
0.0000000000000000,-0.9923235654314903,0.1236686762657989,0.0006823367927110
0.0000000000000000,-0.9923235654314901,-0.1236686762657991,0.0006823367927110
0.2940777114468386,0.9557815124965485,0.0000000000000000,0.0009454158160450
0.2940777114468386,-0.9557815124965485,0.0000000000000000,0.0009454158160450
-0.2940777114468389,0.9557815124965484,0.0000000000000000,0.0009454158160450
-0.2940777114468389,-0.9557815124965484,0.0000000000000000,0.0009454158160450
0.9557815124965485,0.2940777114468386,0.0000000000000000,0.0009454158160450
0.9557815124965485,-0.2940777114468386,0.0000000000000000,0.0009454158160450
-0.9557815124965485,0.2940777114468384,0.0000000000000000,0.0009454158160450
-0.9557815124965485,-0.2940777114468384,0.0000000000000000,0.0009454158160450
0.2940777114468386,0.0000000000000000,0.9557815124965485,0.0009454158160450
0.2940777114468384,0.0000000000000000,-0.9557815124965485,0.0009454158160450
-0.2940777114468386,0.0000000000000000,0.9557815124965485,0.0009454158160450
-0.2940777114468384,0.0000000000000000,-0.9557815124965485,0.0009454158160450
0.9557815124965485,0.0000000000000000,0.2940777114468386,0.0009454158160450
0.9557815124965484,0.0000000000000000,-0.2940777114468389,0.0009454158160450
-0.9557815124965485,0.0000000000000000,0.2940777114468386,0.0009454158160450
-0.9557815124965484,0.0000000000000000,-0.2940777114468389,0.0009454158160450
0.0000000000000000,0.2940777114468386,0.9557815124965485,0.0009454158160450
0.0000000000000000,0.2940777114468384,-0.9557815124965485,0.0009454158160450
0.0000000000000000,-0.2940777114468386,0.9557815124965485,0.0009454158160450
0.0000000000000000,-0.2940777114468384,-0.9557815124965485,0.0009454158160450
0.0000000000000000,0.9557815124965485,0.2940777114468386,0.0009454158160450
0.0000000000000000,0.9557815124965484,-0.2940777114468389,0.0009454158160450
0.0000000000000000,-0.9557815124965485,0.2940777114468386,0.0009454158160450
0.0000000000000000,-0.9557815124965484,-0.2940777114468389,0.0009454158160450
0.4697753849207649,0.8827859807011817,0.0000000000000000,0.0010744299753860
0.4697753849207649,-0.8827859807011817,0.0000000000000000,0.0010744299753860
-0.4697753849207649,0.8827859807011816,0.0000000000000000,0.0010744299753860
-0.4697753849207649,-0.8827859807011816,0.0000000000000000,0.0010744299753860
0.8827859807011817,0.4697753849207649,0.0000000000000000,0.0010744299753860
0.8827859807011817,-0.4697753849207649,0.0000000000000000,0.0010744299753860
-0.8827859807011819,0.4697753849207645,0.0000000000000000,0.0010744299753860
-0.8827859807011819,-0.4697753849207645,0.0000000000000000,0.0010744299753860
0.4697753849207649,0.0000000000000000,0.8827859807011817,0.0010744299753860
0.4697753849207645,0.0000000000000000,-0.8827859807011819,0.0010744299753860
-0.4697753849207649,0.0000000000000000,0.8827859807011817,0.0010744299753860
-0.4697753849207645,0.0000000000000000,-0.8827859807011819,0.0010744299753860
0.8827859807011817,0.0000000000000000,0.4697753849207649,0.0010744299753860
0.8827859807011816,0.0000000000000000,-0.4697753849207649,0.0010744299753860
-0.8827859807011817,0.0000000000000000,0.4697753849207649,0.0010744299753860
-0.8827859807011816,0.0000000000000000,-0.4697753849207649,0.0010744299753860
0.0000000000000000,0.4697753849207649,0.8827859807011817,0.0010744299753860
0.0000000000000000,0.4697753849207645,-0.8827859807011819,0.0010744299753860
0.0000000000000000,-0.4697753849207649,0.8827859807011817,0.0010744299753860
0.0000000000000000,-0.4697753849207645,-0.8827859807011819,0.0010744299753860
0.0000000000000000,0.8827859807011817,0.4697753849207649,0.0010744299753860
0.0000000000000000,0.8827859807011816,-0.4697753849207649,0.0010744299753860
0.0000000000000000,-0.8827859807011817,0.4697753849207649,0.0010744299753860
0.0000000000000000,-0.8827859807011816,-0.4697753849207649,0.0010744299753860
0.6334563241139567,0.7737784472573748,0.0000000000000000,0.0011293000865690
0.6334563241139567,-0.7737784472573748,0.0000000000000000,0.0011293000865690
-0.6334563241139567,0.7737784472573748,0.0000000000000000,0.0011293000865690
-0.6334563241139567,-0.7737784472573748,0.0000000000000000,0.0011293000865690
0.7737784472573748,0.6334563241139567,0.0000000000000000,0.0011293000865690
0.7737784472573748,-0.6334563241139567,0.0000000000000000,0.0011293000865690
-0.7737784472573748,0.6334563241139567,0.0000000000000000,0.0011293000865690
-0.7737784472573748,-0.6334563241139567,0.0000000000000000,0.0011293000865690
0.6334563241139567,0.0000000000000000,0.7737784472573748,0.0011293000865690
0.6334563241139567,0.0000000000000000,-0.7737784472573748,0.0011293000865690
-0.6334563241139567,0.0000000000000000,0.7737784472573748,0.0011293000865690
-0.6334563241139567,0.0000000000000000,-0.7737784472573748,0.0011293000865690
0.7737784472573748,0.0000000000000000,0.6334563241139567,0.0011293000865690
0.7737784472573748,0.0000000000000000,-0.6334563241139567,0.0011293000865690
-0.7737784472573748,0.0000000000000000,0.6334563241139567,0.0011293000865690
-0.7737784472573748,0.0000000000000000,-0.6334563241139567,0.0011293000865690
0.0000000000000000,0.6334563241139567,0.7737784472573748,0.0011293000865690
0.0000000000000000,0.6334563241139567,-0.7737784472573748,0.0011293000865690
0.0000000000000000,-0.6334563241139567,0.7737784472573748,0.0011293000865690
0.0000000000000000,-0.6334563241139567,-0.7737784472573748,0.0011293000865690
0.0000000000000000,0.7737784472573748,0.6334563241139567,0.0011293000865690
0.0000000000000000,0.7737784472573748,-0.6334563241139567,0.0011293000865690
0.0000000000000000,-0.7737784472573748,0.6334563241139567,0.0011293000865690
0.0000000000000000,-0.7737784472573748,-0.6334563241139567,0.0011293000865690
0.0597404861418134,0.2029128752777525,0.9773727228453100,0.0008436884500900
0.0597404861418133,0.2029128752777521,-0.9773727228453101,0.0008436884500900
0.0597404861418134,-0.2029128752777525,0.9773727228453100,0.0008436884500900
0.0597404861418133,-0.2029128752777521,-0.9773727228453101,0.0008436884500900
-0.0597404861418134,0.2029128752777525,0.9773727228453100,0.0008436884500900
-0.0597404861418133,0.2029128752777521,-0.9773727228453101,0.0008436884500900
-0.0597404861418134,-0.2029128752777525,0.9773727228453100,0.0008436884500900
-0.0597404861418133,-0.2029128752777521,-0.9773727228453101,0.0008436884500900
0.0597404861418133,0.9773727228453100,0.2029128752777524,0.0008436884500900
0.0597404861418133,0.9773727228453100,-0.2029128752777524,0.0008436884500900
0.0597404861418133,-0.9773727228453100,0.2029128752777524,0.0008436884500900
0.0597404861418133,-0.9773727228453100,-0.2029128752777524,0.0008436884500900
-0.0597404861418136,0.9773727228453100,0.2029128752777524,0.0008436884500900
-0.0597404861418136,0.9773727228453100,-0.2029128752777524,0.0008436884500900
-0.0597404861418136,-0.9773727228453100,0.2029128752777524,0.0008436884500900
-0.0597404861418136,-0.9773727228453100,-0.2029128752777524,0.0008436884500900
0.2029128752777525,0.0597404861418134,0.9773727228453100,0.0008436884500900
0.2029128752777521,0.0597404861418133,-0.9773727228453101,0.0008436884500900
0.2029128752777525,-0.0597404861418134,0.9773727228453100,0.0008436884500900
0.2029128752777521,-0.0597404861418133,-0.9773727228453101,0.0008436884500900
-0.2029128752777525,0.0597404861418134,0.9773727228453100,0.0008436884500900
-0.2029128752777521,0.0597404861418133,-0.9773727228453101,0.0008436884500900
-0.2029128752777525,-0.0597404861418134,0.9773727228453100,0.0008436884500900
-0.2029128752777521,-0.0597404861418133,-0.9773727228453101,0.0008436884500900
0.2029128752777521,0.9773727228453100,0.0597404861418134,0.0008436884500900
0.2029128752777521,0.9773727228453100,-0.0597404861418134,0.0008436884500900
0.2029128752777521,-0.9773727228453100,0.0597404861418134,0.0008436884500900
0.2029128752777521,-0.9773727228453100,-0.0597404861418134,0.0008436884500900
-0.2029128752777524,0.9773727228453100,0.0597404861418134,0.0008436884500900
-0.2029128752777524,0.9773727228453100,-0.0597404861418134,0.0008436884500900
-0.2029128752777524,-0.9773727228453100,0.0597404861418134,0.0008436884500900
-0.2029128752777524,-0.9773727228453100,-0.0597404861418134,0.0008436884500900
0.9773727228453100,0.0597404861418135,0.2029128752777524,0.0008436884500900
0.9773727228453100,0.0597404861418135,-0.2029128752777524,0.0008436884500900
0.9773727228453100,-0.0597404861418135,0.2029128752777524,0.0008436884500900
0.9773727228453100,-0.0597404861418135,-0.2029128752777524,0.0008436884500900
-0.9773727228453100,0.0597404861418136,0.2029128752777524,0.0008436884500900
-0.9773727228453100,0.0597404861418136,-0.2029128752777524,0.0008436884500900
-0.9773727228453100,-0.0597404861418136,0.2029128752777524,0.0008436884500900
-0.9773727228453100,-0.0597404861418136,-0.2029128752777524,0.0008436884500900
0.9773727228453100,0.2029128752777523,0.0597404861418134,0.0008436884500900
0.9773727228453100,0.2029128752777523,-0.0597404861418134,0.0008436884500900
0.9773727228453100,-0.2029128752777523,0.0597404861418134,0.0008436884500900
0.9773727228453100,-0.2029128752777523,-0.0597404861418134,0.0008436884500900
-0.9773727228453098,0.2029128752777526,0.0597404861418134,0.0008436884500900
-0.9773727228453098,0.2029128752777526,-0.0597404861418134,0.0008436884500900
-0.9773727228453098,-0.2029128752777526,0.0597404861418134,0.0008436884500900
-0.9773727228453098,-0.2029128752777526,-0.0597404861418134,0.0008436884500900
0.1375760408473635,0.4602621942484053,0.8770584618658027,0.0010752557204490
0.1375760408473634,0.4602621942484050,-0.8770584618658029,0.0010752557204490
0.1375760408473635,-0.4602621942484053,0.8770584618658027,0.0010752557204490
0.1375760408473634,-0.4602621942484050,-0.8770584618658029,0.0010752557204490
-0.1375760408473636,0.4602621942484053,0.8770584618658027,0.0010752557204490
-0.1375760408473635,0.4602621942484050,-0.8770584618658029,0.0010752557204490
-0.1375760408473636,-0.4602621942484053,0.8770584618658027,0.0010752557204490
-0.1375760408473635,-0.4602621942484050,-0.8770584618658029,0.0010752557204490
0.1375760408473636,0.8770584618658027,0.4602621942484054,0.0010752557204490
0.1375760408473636,0.8770584618658028,-0.4602621942484053,0.0010752557204490
0.1375760408473636,-0.8770584618658027,0.4602621942484054,0.0010752557204490
0.1375760408473636,-0.8770584618658028,-0.4602621942484053,0.0010752557204490
-0.1375760408473636,0.8770584618658027,0.4602621942484054,0.0010752557204490
-0.1375760408473636,0.8770584618658028,-0.4602621942484053,0.0010752557204490
-0.1375760408473636,-0.8770584618658027,0.4602621942484054,0.0010752557204490
-0.1375760408473636,-0.8770584618658028,-0.4602621942484053,0.0010752557204490
0.4602621942484053,0.1375760408473636,0.8770584618658027,0.0010752557204490
0.4602621942484050,0.1375760408473635,-0.8770584618658029,0.0010752557204490
0.4602621942484053,-0.1375760408473636,0.8770584618658027,0.0010752557204490
0.4602621942484050,-0.1375760408473635,-0.8770584618658029,0.0010752557204490
-0.4602621942484053,0.1375760408473636,0.8770584618658027,0.0010752557204490
-0.4602621942484050,0.1375760408473635,-0.8770584618658029,0.0010752557204490
-0.4602621942484053,-0.1375760408473636,0.8770584618658027,0.0010752557204490
-0.4602621942484050,-0.1375760408473635,-0.8770584618658029,0.0010752557204490
0.4602621942484054,0.8770584618658027,0.1375760408473637,0.0010752557204490
0.4602621942484054,0.8770584618658027,-0.1375760408473637,0.0010752557204490
0.4602621942484054,-0.8770584618658027,0.1375760408473637,0.0010752557204490
0.4602621942484054,-0.8770584618658027,-0.1375760408473637,0.0010752557204490
-0.4602621942484055,0.8770584618658026,0.1375760408473637,0.0010752557204490
-0.4602621942484055,0.8770584618658026,-0.1375760408473637,0.0010752557204490
-0.4602621942484055,-0.8770584618658026,0.1375760408473637,0.0010752557204490
-0.4602621942484055,-0.8770584618658026,-0.1375760408473637,0.0010752557204490
0.8770584618658027,0.1375760408473634,0.4602621942484054,0.0010752557204490
0.8770584618658028,0.1375760408473634,-0.4602621942484053,0.0010752557204490
0.8770584618658027,-0.1375760408473634,0.4602621942484054,0.0010752557204490
0.8770584618658028,-0.1375760408473634,-0.4602621942484053,0.0010752557204490
-0.8770584618658027,0.1375760408473636,0.4602621942484054,0.0010752557204490
-0.8770584618658028,0.1375760408473636,-0.4602621942484053,0.0010752557204490
-0.8770584618658027,-0.1375760408473636,0.4602621942484054,0.0010752557204490
-0.8770584618658028,-0.1375760408473636,-0.4602621942484053,0.0010752557204490
0.8770584618658027,0.4602621942484054,0.1375760408473637,0.0010752557204490
0.8770584618658027,0.4602621942484054,-0.1375760408473637,0.0010752557204490
0.8770584618658027,-0.4602621942484054,0.1375760408473637,0.0010752557204490
0.8770584618658027,-0.4602621942484054,-0.1375760408473637,0.0010752557204490
-0.8770584618658026,0.4602621942484055,0.1375760408473637,0.0010752557204490
-0.8770584618658026,0.4602621942484055,-0.1375760408473637,0.0010752557204490
-0.8770584618658026,-0.4602621942484055,0.1375760408473637,0.0010752557204490
-0.8770584618658026,-0.4602621942484055,-0.1375760408473637,0.0010752557204490
0.3391016526336286,0.5030673999662038,0.7949422999642084,0.0011085772368640
0.3391016526336285,0.5030673999662036,-0.7949422999642085,0.0011085772368640
0.3391016526336286,-0.5030673999662038,0.7949422999642084,0.0011085772368640
0.3391016526336285,-0.5030673999662036,-0.7949422999642085,0.0011085772368640
-0.3391016526336287,0.5030673999662036,0.7949422999642084,0.0011085772368640
-0.3391016526336287,0.5030673999662035,-0.7949422999642085,0.0011085772368640
-0.3391016526336287,-0.5030673999662036,0.7949422999642084,0.0011085772368640
-0.3391016526336287,-0.5030673999662035,-0.7949422999642085,0.0011085772368640
0.3391016526336286,0.7949422999642085,0.5030673999662035,0.0011085772368640
0.3391016526336286,0.7949422999642084,-0.5030673999662038,0.0011085772368640
0.3391016526336286,-0.7949422999642085,0.5030673999662035,0.0011085772368640
0.3391016526336286,-0.7949422999642084,-0.5030673999662038,0.0011085772368640
-0.3391016526336288,0.7949422999642084,0.5030673999662035,0.0011085772368640
-0.3391016526336288,0.7949422999642083,-0.5030673999662038,0.0011085772368640
-0.3391016526336288,-0.7949422999642084,0.5030673999662035,0.0011085772368640
-0.3391016526336288,-0.7949422999642083,-0.5030673999662038,0.0011085772368640
0.5030673999662038,0.3391016526336287,0.7949422999642084,0.0011085772368640
0.5030673999662036,0.3391016526336286,-0.7949422999642085,0.0011085772368640
0.5030673999662038,-0.3391016526336287,0.7949422999642084,0.0011085772368640
0.5030673999662036,-0.3391016526336286,-0.7949422999642085,0.0011085772368640
-0.5030673999662039,0.3391016526336285,0.7949422999642084,0.0011085772368640
-0.5030673999662038,0.3391016526336284,-0.7949422999642085,0.0011085772368640
-0.5030673999662039,-0.3391016526336285,0.7949422999642084,0.0011085772368640
-0.5030673999662038,-0.3391016526336284,-0.7949422999642085,0.0011085772368640
0.5030673999662039,0.7949422999642084,0.3391016526336285,0.0011085772368640
0.5030673999662039,0.7949422999642084,-0.3391016526336285,0.0011085772368640
0.5030673999662039,-0.7949422999642084,0.3391016526336285,0.0011085772368640
0.5030673999662039,-0.7949422999642084,-0.3391016526336285,0.0011085772368640
-0.5030673999662039,0.7949422999642084,0.3391016526336285,0.0011085772368640
-0.5030673999662039,0.7949422999642084,-0.3391016526336285,0.0011085772368640
-0.5030673999662039,-0.7949422999642084,0.3391016526336285,0.0011085772368640
-0.5030673999662039,-0.7949422999642084,-0.3391016526336285,0.0011085772368640
0.7949422999642085,0.3391016526336286,0.5030673999662035,0.0011085772368640
0.7949422999642084,0.3391016526336286,-0.5030673999662038,0.0011085772368640
0.7949422999642085,-0.3391016526336286,0.5030673999662035,0.0011085772368640
0.7949422999642084,-0.3391016526336286,-0.5030673999662038,0.0011085772368640
-0.7949422999642087,0.3391016526336282,0.5030673999662035,0.0011085772368640
-0.7949422999642086,0.3391016526336281,-0.5030673999662038,0.0011085772368640
-0.7949422999642087,-0.3391016526336282,0.5030673999662035,0.0011085772368640
-0.7949422999642086,-0.3391016526336281,-0.5030673999662038,0.0011085772368640
0.7949422999642085,0.5030673999662036,0.3391016526336285,0.0011085772368640
0.7949422999642085,0.5030673999662036,-0.3391016526336285,0.0011085772368640
0.7949422999642085,-0.5030673999662036,0.3391016526336285,0.0011085772368640
0.7949422999642085,-0.5030673999662036,-0.3391016526336285,0.0011085772368640
-0.7949422999642085,0.5030673999662036,0.3391016526336285,0.0011085772368640
-0.7949422999642085,0.5030673999662036,-0.3391016526336285,0.0011085772368640
-0.7949422999642085,-0.5030673999662036,0.3391016526336285,0.0011085772368640
-0.7949422999642085,-0.5030673999662036,-0.3391016526336285,0.0011085772368640
0.1271675191439820,0.2817606422442135,0.9510201693743899,0.0009566475323780
0.1271675191439820,0.2817606422442136,-0.9510201693743899,0.0009566475323780
0.1271675191439820,-0.2817606422442135,0.9510201693743899,0.0009566475323780
0.1271675191439820,-0.2817606422442136,-0.9510201693743899,0.0009566475323780
-0.1271675191439821,0.2817606422442135,0.9510201693743899,0.0009566475323780
-0.1271675191439821,0.2817606422442135,-0.9510201693743899,0.0009566475323780
-0.1271675191439821,-0.2817606422442135,0.9510201693743899,0.0009566475323780
-0.1271675191439821,-0.2817606422442135,-0.9510201693743899,0.0009566475323780
0.1271675191439820,0.9510201693743899,0.2817606422442133,0.0009566475323780
0.1271675191439820,0.9510201693743898,-0.2817606422442135,0.0009566475323780
0.1271675191439820,-0.9510201693743899,0.2817606422442133,0.0009566475323780
0.1271675191439820,-0.9510201693743898,-0.2817606422442135,0.0009566475323780
-0.1271675191439820,0.9510201693743899,0.2817606422442133,0.0009566475323780
-0.1271675191439820,0.9510201693743898,-0.2817606422442135,0.0009566475323780
-0.1271675191439820,-0.9510201693743899,0.2817606422442133,0.0009566475323780
-0.1271675191439820,-0.9510201693743898,-0.2817606422442135,0.0009566475323780
0.2817606422442135,0.1271675191439820,0.9510201693743899,0.0009566475323780
0.2817606422442135,0.1271675191439820,-0.9510201693743899,0.0009566475323780
0.2817606422442135,-0.1271675191439820,0.9510201693743899,0.0009566475323780
0.2817606422442135,-0.1271675191439820,-0.9510201693743899,0.0009566475323780
-0.2817606422442135,0.1271675191439820,0.9510201693743899,0.0009566475323780
-0.2817606422442136,0.1271675191439820,-0.9510201693743899,0.0009566475323780
-0.2817606422442135,-0.1271675191439820,0.9510201693743899,0.0009566475323780
-0.2817606422442136,-0.1271675191439820,-0.9510201693743899,0.0009566475323780
0.2817606422442133,0.9510201693743902,0.1271675191439818,0.0009566475323780
0.2817606422442133,0.9510201693743900,-0.1271675191439821,0.0009566475323780
0.2817606422442133,-0.9510201693743902,0.1271675191439818,0.0009566475323780
0.2817606422442133,-0.9510201693743900,-0.1271675191439821,0.0009566475323780
-0.2817606422442135,0.9510201693743900,0.1271675191439818,0.0009566475323780
-0.2817606422442135,0.9510201693743899,-0.1271675191439821,0.0009566475323780
-0.2817606422442135,-0.9510201693743900,0.1271675191439818,0.0009566475323780
-0.2817606422442135,-0.9510201693743899,-0.1271675191439821,0.0009566475323780
0.9510201693743899,0.1271675191439823,0.2817606422442133,0.0009566475323780
0.9510201693743898,0.1271675191439823,-0.2817606422442135,0.0009566475323780
0.9510201693743899,-0.1271675191439823,0.2817606422442133,0.0009566475323780
0.9510201693743898,-0.1271675191439823,-0.2817606422442135,0.0009566475323780
-0.9510201693743899,0.1271675191439822,0.2817606422442133,0.0009566475323780
-0.9510201693743898,0.1271675191439822,-0.2817606422442135,0.0009566475323780
-0.9510201693743899,-0.1271675191439822,0.2817606422442133,0.0009566475323780
-0.9510201693743898,-0.1271675191439822,-0.2817606422442135,0.0009566475323780
0.9510201693743900,0.2817606422442135,0.1271675191439818,0.0009566475323780
0.9510201693743899,0.2817606422442135,-0.1271675191439821,0.0009566475323780
0.9510201693743900,-0.2817606422442135,0.1271675191439818,0.0009566475323780
0.9510201693743899,-0.2817606422442135,-0.1271675191439821,0.0009566475323780
-0.9510201693743902,0.2817606422442133,0.1271675191439818,0.0009566475323780
-0.9510201693743900,0.2817606422442133,-0.1271675191439821,0.0009566475323780
-0.9510201693743902,-0.2817606422442133,0.1271675191439818,0.0009566475323780
-0.9510201693743900,-0.2817606422442133,-0.1271675191439821,0.0009566475323780
0.2693120740413512,0.4331561291720157,0.8601434616017620,0.0010806632507170
0.2693120740413512,0.4331561291720156,-0.8601434616017621,0.0010806632507170
0.2693120740413512,-0.4331561291720157,0.8601434616017620,0.0010806632507170
0.2693120740413512,-0.4331561291720156,-0.8601434616017621,0.0010806632507170
-0.2693120740413512,0.4331561291720157,0.8601434616017620,0.0010806632507170
-0.2693120740413512,0.4331561291720156,-0.8601434616017621,0.0010806632507170
-0.2693120740413512,-0.4331561291720157,0.8601434616017620,0.0010806632507170
-0.2693120740413512,-0.4331561291720156,-0.8601434616017621,0.0010806632507170
0.2693120740413512,0.8601434616017620,0.4331561291720156,0.0010806632507170
0.2693120740413512,0.8601434616017618,-0.4331561291720158,0.0010806632507170
0.2693120740413512,-0.8601434616017620,0.4331561291720156,0.0010806632507170
0.2693120740413512,-0.8601434616017618,-0.4331561291720158,0.0010806632507170
-0.2693120740413512,0.8601434616017620,0.4331561291720156,0.0010806632507170
-0.2693120740413512,0.8601434616017618,-0.4331561291720158,0.0010806632507170
-0.2693120740413512,-0.8601434616017620,0.4331561291720156,0.0010806632507170
-0.2693120740413512,-0.8601434616017618,-0.4331561291720158,0.0010806632507170
0.4331561291720157,0.2693120740413512,0.8601434616017620,0.0010806632507170
0.4331561291720156,0.2693120740413511,-0.8601434616017621,0.0010806632507170
0.4331561291720157,-0.2693120740413512,0.8601434616017620,0.0010806632507170
0.4331561291720156,-0.2693120740413511,-0.8601434616017621,0.0010806632507170
-0.4331561291720157,0.2693120740413511,0.8601434616017620,0.0010806632507170
-0.4331561291720156,0.2693120740413510,-0.8601434616017621,0.0010806632507170
-0.4331561291720157,-0.2693120740413511,0.8601434616017620,0.0010806632507170
-0.4331561291720156,-0.2693120740413510,-0.8601434616017621,0.0010806632507170
0.4331561291720155,0.8601434616017620,0.2693120740413512,0.0010806632507170
0.4331561291720155,0.8601434616017620,-0.2693120740413512,0.0010806632507170
0.4331561291720155,-0.8601434616017620,0.2693120740413512,0.0010806632507170
0.4331561291720155,-0.8601434616017620,-0.2693120740413512,0.0010806632507170
-0.4331561291720156,0.8601434616017620,0.2693120740413512,0.0010806632507170
-0.4331561291720156,0.8601434616017620,-0.2693120740413512,0.0010806632507170
-0.4331561291720156,-0.8601434616017620,0.2693120740413512,0.0010806632507170
-0.4331561291720156,-0.8601434616017620,-0.2693120740413512,0.0010806632507170
0.8601434616017620,0.2693120740413513,0.4331561291720156,0.0010806632507170
0.8601434616017618,0.2693120740413513,-0.4331561291720158,0.0010806632507170
0.8601434616017620,-0.2693120740413513,0.4331561291720156,0.0010806632507170
0.8601434616017618,-0.2693120740413513,-0.4331561291720158,0.0010806632507170
-0.8601434616017620,0.2693120740413512,0.4331561291720156,0.0010806632507170
-0.8601434616017618,0.2693120740413512,-0.4331561291720158,0.0010806632507170
-0.8601434616017620,-0.2693120740413512,0.4331561291720156,0.0010806632507170
-0.8601434616017618,-0.2693120740413512,-0.4331561291720158,0.0010806632507170
0.8601434616017619,0.4331561291720157,0.2693120740413512,0.0010806632507170
0.8601434616017619,0.4331561291720157,-0.2693120740413512,0.0010806632507170
0.8601434616017619,-0.4331561291720157,0.2693120740413512,0.0010806632507170
0.8601434616017619,-0.4331561291720157,-0.2693120740413512,0.0010806632507170
-0.8601434616017620,0.4331561291720156,0.2693120740413512,0.0010806632507170
-0.8601434616017620,0.4331561291720156,-0.2693120740413512,0.0010806632507170
-0.8601434616017620,-0.4331561291720156,0.2693120740413512,0.0010806632507170
-0.8601434616017620,-0.4331561291720156,-0.2693120740413512,0.0010806632507170
0.1419786452601917,0.6256167358580814,0.7671021862205584,0.0011267971311960
0.1419786452601917,0.6256167358580814,-0.7671021862205585,0.0011267971311960
0.1419786452601917,-0.6256167358580814,0.7671021862205584,0.0011267971311960
0.1419786452601917,-0.6256167358580814,-0.7671021862205585,0.0011267971311960
-0.1419786452601919,0.6256167358580813,0.7671021862205584,0.0011267971311960
-0.1419786452601919,0.6256167358580813,-0.7671021862205585,0.0011267971311960
-0.1419786452601919,-0.6256167358580813,0.7671021862205584,0.0011267971311960
-0.1419786452601919,-0.6256167358580813,-0.7671021862205585,0.0011267971311960
0.1419786452601918,0.7671021862205583,0.6256167358580814,0.0011267971311960
0.1419786452601917,0.7671021862205581,-0.6256167358580816,0.0011267971311960
0.1419786452601918,-0.7671021862205583,0.6256167358580814,0.0011267971311960
0.1419786452601917,-0.7671021862205581,-0.6256167358580816,0.0011267971311960
-0.1419786452601919,0.7671021862205583,0.6256167358580814,0.0011267971311960
-0.1419786452601919,0.7671021862205581,-0.6256167358580816,0.0011267971311960
-0.1419786452601919,-0.7671021862205583,0.6256167358580814,0.0011267971311960
-0.1419786452601919,-0.7671021862205581,-0.6256167358580816,0.0011267971311960
0.6256167358580814,0.1419786452601917,0.7671021862205584,0.0011267971311960
0.6256167358580814,0.1419786452601917,-0.7671021862205585,0.0011267971311960
0.6256167358580814,-0.1419786452601917,0.7671021862205584,0.0011267971311960
0.6256167358580814,-0.1419786452601917,-0.7671021862205585,0.0011267971311960
-0.6256167358580814,0.1419786452601914,0.7671021862205584,0.0011267971311960
-0.6256167358580814,0.1419786452601914,-0.7671021862205585,0.0011267971311960
-0.6256167358580814,-0.1419786452601914,0.7671021862205584,0.0011267971311960
-0.6256167358580814,-0.1419786452601914,-0.7671021862205585,0.0011267971311960
0.6256167358580814,0.7671021862205584,0.1419786452601918,0.0011267971311960
0.6256167358580814,0.7671021862205584,-0.1419786452601918,0.0011267971311960
0.6256167358580814,-0.7671021862205584,0.1419786452601918,0.0011267971311960
0.6256167358580814,-0.7671021862205584,-0.1419786452601918,0.0011267971311960
-0.6256167358580814,0.7671021862205584,0.1419786452601918,0.0011267971311960
-0.6256167358580814,0.7671021862205584,-0.1419786452601918,0.0011267971311960
-0.6256167358580814,-0.7671021862205584,0.1419786452601918,0.0011267971311960
-0.6256167358580814,-0.7671021862205584,-0.1419786452601918,0.0011267971311960
0.7671021862205583,0.1419786452601920,0.6256167358580814,0.0011267971311960
0.7671021862205581,0.1419786452601920,-0.6256167358580816,0.0011267971311960
0.7671021862205583,-0.1419786452601920,0.6256167358580814,0.0011267971311960
0.7671021862205581,-0.1419786452601920,-0.6256167358580816,0.0011267971311960
-0.7671021862205583,0.1419786452601918,0.6256167358580814,0.0011267971311960
-0.7671021862205581,0.1419786452601917,-0.6256167358580816,0.0011267971311960
-0.7671021862205583,-0.1419786452601918,0.6256167358580814,0.0011267971311960
-0.7671021862205581,-0.1419786452601917,-0.6256167358580816,0.0011267971311960
0.7671021862205584,0.6256167358580814,0.1419786452601918,0.0011267971311960
0.7671021862205584,0.6256167358580814,-0.1419786452601918,0.0011267971311960
0.7671021862205584,-0.6256167358580814,0.1419786452601918,0.0011267971311960
0.7671021862205584,-0.6256167358580814,-0.1419786452601918,0.0011267971311960
-0.7671021862205586,0.6256167358580811,0.1419786452601918,0.0011267971311960
-0.7671021862205586,0.6256167358580811,-0.1419786452601918,0.0011267971311960
-0.7671021862205586,-0.6256167358580811,0.1419786452601918,0.0011267971311960
-0.7671021862205586,-0.6256167358580811,-0.1419786452601918,0.0011267971311960
0.0670928460073825,0.3798395216859158,0.9226161107308090,0.0010225687153580
0.0670928460073824,0.3798395216859155,-0.9226161107308091,0.0010225687153580
0.0670928460073825,-0.3798395216859158,0.9226161107308090,0.0010225687153580
0.0670928460073824,-0.3798395216859155,-0.9226161107308091,0.0010225687153580
-0.0670928460073826,0.3798395216859158,0.9226161107308090,0.0010225687153580
-0.0670928460073825,0.3798395216859155,-0.9226161107308091,0.0010225687153580
-0.0670928460073826,-0.3798395216859158,0.9226161107308090,0.0010225687153580
-0.0670928460073825,-0.3798395216859155,-0.9226161107308091,0.0010225687153580
0.0670928460073826,0.9226161107308091,0.3798395216859155,0.0010225687153580
0.0670928460073826,0.9226161107308090,-0.3798395216859157,0.0010225687153580
0.0670928460073826,-0.9226161107308091,0.3798395216859155,0.0010225687153580
0.0670928460073826,-0.9226161107308090,-0.3798395216859157,0.0010225687153580
-0.0670928460073828,0.9226161107308091,0.3798395216859155,0.0010225687153580
-0.0670928460073828,0.9226161107308090,-0.3798395216859157,0.0010225687153580
-0.0670928460073828,-0.9226161107308091,0.3798395216859155,0.0010225687153580
-0.0670928460073828,-0.9226161107308090,-0.3798395216859157,0.0010225687153580
0.3798395216859158,0.0670928460073826,0.9226161107308090,0.0010225687153580
0.3798395216859155,0.0670928460073826,-0.9226161107308091,0.0010225687153580
0.3798395216859158,-0.0670928460073826,0.9226161107308090,0.0010225687153580
0.3798395216859155,-0.0670928460073826,-0.9226161107308091,0.0010225687153580
-0.3798395216859158,0.0670928460073825,0.9226161107308090,0.0010225687153580
-0.3798395216859155,0.0670928460073824,-0.9226161107308091,0.0010225687153580
-0.3798395216859158,-0.0670928460073825,0.9226161107308090,0.0010225687153580
-0.3798395216859155,-0.0670928460073824,-0.9226161107308091,0.0010225687153580
0.3798395216859158,0.9226161107308090,0.0670928460073826,0.0010225687153580
0.3798395216859158,0.9226161107308090,-0.0670928460073826,0.0010225687153580
0.3798395216859158,-0.9226161107308090,0.0670928460073826,0.0010225687153580
0.3798395216859158,-0.9226161107308090,-0.0670928460073826,0.0010225687153580
-0.3798395216859158,0.9226161107308090,0.0670928460073826,0.0010225687153580
-0.3798395216859158,0.9226161107308090,-0.0670928460073826,0.0010225687153580
-0.3798395216859158,-0.9226161107308090,0.0670928460073826,0.0010225687153580
-0.3798395216859158,-0.9226161107308090,-0.0670928460073826,0.0010225687153580
0.9226161107308091,0.0670928460073826,0.3798395216859155,0.0010225687153580
0.9226161107308090,0.0670928460073826,-0.3798395216859157,0.0010225687153580
0.9226161107308091,-0.0670928460073826,0.3798395216859155,0.0010225687153580
0.9226161107308090,-0.0670928460073826,-0.3798395216859157,0.0010225687153580
-0.9226161107308091,0.0670928460073828,0.3798395216859155,0.0010225687153580
-0.9226161107308090,0.0670928460073828,-0.3798395216859157,0.0010225687153580
-0.9226161107308091,-0.0670928460073828,0.3798395216859155,0.0010225687153580
-0.9226161107308090,-0.0670928460073828,-0.3798395216859157,0.0010225687153580
0.9226161107308090,0.3798395216859158,0.0670928460073826,0.0010225687153580
0.9226161107308090,0.3798395216859158,-0.0670928460073826,0.0010225687153580
0.9226161107308090,-0.3798395216859158,0.0670928460073826,0.0010225687153580
0.9226161107308090,-0.3798395216859158,-0.0670928460073826,0.0010225687153580
-0.9226161107308090,0.3798395216859158,0.0670928460073826,0.0010225687153580
-0.9226161107308090,0.3798395216859158,-0.0670928460073826,0.0010225687153580
-0.9226161107308090,-0.3798395216859158,0.0670928460073826,0.0010225687153580
-0.9226161107308090,-0.3798395216859158,-0.0670928460073826,0.0010225687153580
0.0705773818325618,0.5517505421423519,0.8310175524134743,0.0011089602677130
0.0705773818325618,0.5517505421423519,-0.8310175524134743,0.0011089602677130
0.0705773818325618,-0.5517505421423519,0.8310175524134743,0.0011089602677130
0.0705773818325618,-0.5517505421423519,-0.8310175524134743,0.0011089602677130
-0.0705773818325618,0.5517505421423519,0.8310175524134743,0.0011089602677130
-0.0705773818325618,0.5517505421423519,-0.8310175524134743,0.0011089602677130
-0.0705773818325618,-0.5517505421423519,0.8310175524134743,0.0011089602677130
-0.0705773818325618,-0.5517505421423519,-0.8310175524134743,0.0011089602677130
0.0705773818325615,0.8310175524134743,0.5517505421423519,0.0011089602677130
0.0705773818325615,0.8310175524134743,-0.5517505421423519,0.0011089602677130
0.0705773818325615,-0.8310175524134743,0.5517505421423519,0.0011089602677130
0.0705773818325615,-0.8310175524134743,-0.5517505421423519,0.0011089602677130
-0.0705773818325617,0.8310175524134742,0.5517505421423519,0.0011089602677130
-0.0705773818325617,0.8310175524134742,-0.5517505421423519,0.0011089602677130
-0.0705773818325617,-0.8310175524134742,0.5517505421423519,0.0011089602677130
-0.0705773818325617,-0.8310175524134742,-0.5517505421423519,0.0011089602677130
0.5517505421423519,0.0705773818325618,0.8310175524134743,0.0011089602677130
0.5517505421423519,0.0705773818325618,-0.8310175524134743,0.0011089602677130
0.5517505421423519,-0.0705773818325618,0.8310175524134743,0.0011089602677130
0.5517505421423519,-0.0705773818325618,-0.8310175524134743,0.0011089602677130
-0.5517505421423520,0.0705773818325615,0.8310175524134743,0.0011089602677130
-0.5517505421423520,0.0705773818325615,-0.8310175524134743,0.0011089602677130
-0.5517505421423520,-0.0705773818325615,0.8310175524134743,0.0011089602677130
-0.5517505421423520,-0.0705773818325615,-0.8310175524134743,0.0011089602677130
0.5517505421423521,0.8310175524134742,0.0705773818325615,0.0011089602677130
0.5517505421423521,0.8310175524134742,-0.0705773818325618,0.0011089602677130
0.5517505421423521,-0.8310175524134742,0.0705773818325615,0.0011089602677130
0.5517505421423521,-0.8310175524134742,-0.0705773818325618,0.0011089602677130
-0.5517505421423521,0.8310175524134742,0.0705773818325615,0.0011089602677130
-0.5517505421423521,0.8310175524134742,-0.0705773818325618,0.0011089602677130
-0.5517505421423521,-0.8310175524134742,0.0705773818325615,0.0011089602677130
-0.5517505421423521,-0.8310175524134742,-0.0705773818325618,0.0011089602677130
0.8310175524134742,0.0705773818325621,0.5517505421423519,0.0011089602677130
0.8310175524134742,0.0705773818325621,-0.5517505421423519,0.0011089602677130
0.8310175524134742,-0.0705773818325621,0.5517505421423519,0.0011089602677130
0.8310175524134742,-0.0705773818325621,-0.5517505421423519,0.0011089602677130
-0.8310175524134742,0.0705773818325621,0.5517505421423519,0.0011089602677130
-0.8310175524134742,0.0705773818325621,-0.5517505421423519,0.0011089602677130
-0.8310175524134742,-0.0705773818325621,0.5517505421423519,0.0011089602677130
-0.8310175524134742,-0.0705773818325621,-0.5517505421423519,0.0011089602677130
0.8310175524134743,0.5517505421423519,0.0705773818325615,0.0011089602677130
0.8310175524134743,0.5517505421423519,-0.0705773818325618,0.0011089602677130
0.8310175524134743,-0.5517505421423519,0.0705773818325615,0.0011089602677130
0.8310175524134743,-0.5517505421423519,-0.0705773818325618,0.0011089602677130
-0.8310175524134745,0.5517505421423516,0.0705773818325615,0.0011089602677130
-0.8310175524134745,0.5517505421423516,-0.0705773818325618,0.0011089602677130
-0.8310175524134745,-0.5517505421423516,0.0705773818325615,0.0011089602677130
-0.8310175524134745,-0.5517505421423516,-0.0705773818325618,0.0011089602677130
0.2783888477882154,0.6029619156159188,0.7476206108340857,0.0011227906534360
0.2783888477882154,0.6029619156159188,-0.7476206108340857,0.0011227906534360
0.2783888477882154,-0.6029619156159188,0.7476206108340857,0.0011227906534360
0.2783888477882154,-0.6029619156159188,-0.7476206108340857,0.0011227906534360
-0.2783888477882155,0.6029619156159187,0.7476206108340857,0.0011227906534360
-0.2783888477882155,0.6029619156159187,-0.7476206108340857,0.0011227906534360
-0.2783888477882155,-0.6029619156159187,0.7476206108340857,0.0011227906534360
-0.2783888477882155,-0.6029619156159187,-0.7476206108340857,0.0011227906534360
0.2783888477882155,0.7476206108340857,0.6029619156159187,0.0011227906534360
0.2783888477882155,0.7476206108340857,-0.6029619156159187,0.0011227906534360
0.2783888477882155,-0.7476206108340857,0.6029619156159187,0.0011227906534360
0.2783888477882155,-0.7476206108340857,-0.6029619156159187,0.0011227906534360
-0.2783888477882155,0.7476206108340857,0.6029619156159187,0.0011227906534360
-0.2783888477882155,0.7476206108340857,-0.6029619156159187,0.0011227906534360
-0.2783888477882155,-0.7476206108340857,0.6029619156159187,0.0011227906534360
-0.2783888477882155,-0.7476206108340857,-0.6029619156159187,0.0011227906534360
0.6029619156159187,0.2783888477882155,0.7476206108340857,0.0011227906534360
0.6029619156159187,0.2783888477882155,-0.7476206108340857,0.0011227906534360
0.6029619156159187,-0.2783888477882155,0.7476206108340857,0.0011227906534360
0.6029619156159187,-0.2783888477882155,-0.7476206108340857,0.0011227906534360
-0.6029619156159188,0.2783888477882154,0.7476206108340857,0.0011227906534360
-0.6029619156159188,0.2783888477882154,-0.7476206108340857,0.0011227906534360
-0.6029619156159188,-0.2783888477882154,0.7476206108340857,0.0011227906534360
-0.6029619156159188,-0.2783888477882154,-0.7476206108340857,0.0011227906534360
0.6029619156159186,0.7476206108340859,0.2783888477882155,0.0011227906534360
0.6029619156159186,0.7476206108340859,-0.2783888477882155,0.0011227906534360
0.6029619156159186,-0.7476206108340859,0.2783888477882155,0.0011227906534360
0.6029619156159186,-0.7476206108340859,-0.2783888477882155,0.0011227906534360
-0.6029619156159188,0.7476206108340857,0.2783888477882155,0.0011227906534360
-0.6029619156159188,0.7476206108340857,-0.2783888477882155,0.0011227906534360
-0.6029619156159188,-0.7476206108340857,0.2783888477882155,0.0011227906534360
-0.6029619156159188,-0.7476206108340857,-0.2783888477882155,0.0011227906534360
0.7476206108340857,0.2783888477882155,0.6029619156159187,0.0011227906534360
0.7476206108340857,0.2783888477882155,-0.6029619156159187,0.0011227906534360
0.7476206108340857,-0.2783888477882155,0.6029619156159187,0.0011227906534360
0.7476206108340857,-0.2783888477882155,-0.6029619156159187,0.0011227906534360
-0.7476206108340858,0.2783888477882153,0.6029619156159187,0.0011227906534360
-0.7476206108340858,0.2783888477882153,-0.6029619156159187,0.0011227906534360
-0.7476206108340858,-0.2783888477882153,0.6029619156159187,0.0011227906534360
-0.7476206108340858,-0.2783888477882153,-0.6029619156159187,0.0011227906534360
0.7476206108340858,0.6029619156159187,0.2783888477882155,0.0011227906534360
0.7476206108340858,0.6029619156159187,-0.2783888477882155,0.0011227906534360
0.7476206108340858,-0.6029619156159187,0.2783888477882155,0.0011227906534360
0.7476206108340858,-0.6029619156159187,-0.2783888477882155,0.0011227906534360
-0.7476206108340860,0.6029619156159185,0.2783888477882155,0.0011227906534360
-0.7476206108340860,0.6029619156159185,-0.2783888477882155,0.0011227906534360
-0.7476206108340860,-0.6029619156159185,0.2783888477882155,0.0011227906534360
-0.7476206108340860,-0.6029619156159185,-0.2783888477882155,0.0011227906534360
0.1979578938917407,0.3589606329589096,0.9121183784091215,0.0010324018471170
0.1979578938917407,0.3589606329589096,-0.9121183784091215,0.0010324018471170
0.1979578938917407,-0.3589606329589096,0.9121183784091215,0.0010324018471170
0.1979578938917407,-0.3589606329589096,-0.9121183784091215,0.0010324018471170
-0.1979578938917407,0.3589606329589097,0.9121183784091215,0.0010324018471170
-0.1979578938917407,0.3589606329589097,-0.9121183784091215,0.0010324018471170
-0.1979578938917407,-0.3589606329589097,0.9121183784091215,0.0010324018471170
-0.1979578938917407,-0.3589606329589097,-0.9121183784091215,0.0010324018471170
0.1979578938917406,0.9121183784091217,0.3589606329589095,0.0010324018471170
0.1979578938917406,0.9121183784091216,-0.3589606329589097,0.0010324018471170
0.1979578938917406,-0.9121183784091217,0.3589606329589095,0.0010324018471170
0.1979578938917406,-0.9121183784091216,-0.3589606329589097,0.0010324018471170
-0.1979578938917406,0.9121183784091217,0.3589606329589095,0.0010324018471170
-0.1979578938917406,0.9121183784091216,-0.3589606329589097,0.0010324018471170
-0.1979578938917406,-0.9121183784091217,0.3589606329589095,0.0010324018471170
-0.1979578938917406,-0.9121183784091216,-0.3589606329589097,0.0010324018471170
0.3589606329589096,0.1979578938917407,0.9121183784091215,0.0010324018471170
0.3589606329589096,0.1979578938917407,-0.9121183784091215,0.0010324018471170
0.3589606329589096,-0.1979578938917407,0.9121183784091215,0.0010324018471170
0.3589606329589096,-0.1979578938917407,-0.9121183784091215,0.0010324018471170
-0.3589606329589097,0.1979578938917407,0.9121183784091215,0.0010324018471170
-0.3589606329589097,0.1979578938917407,-0.9121183784091215,0.0010324018471170
-0.3589606329589097,-0.1979578938917407,0.9121183784091215,0.0010324018471170
-0.3589606329589097,-0.1979578938917407,-0.9121183784091215,0.0010324018471170
0.3589606329589097,0.9121183784091215,0.1979578938917408,0.0010324018471170
0.3589606329589097,0.9121183784091215,-0.1979578938917408,0.0010324018471170
0.3589606329589097,-0.9121183784091215,0.1979578938917408,0.0010324018471170
0.3589606329589097,-0.9121183784091215,-0.1979578938917408,0.0010324018471170
-0.3589606329589097,0.9121183784091215,0.1979578938917408,0.0010324018471170
-0.3589606329589097,0.9121183784091215,-0.1979578938917408,0.0010324018471170
-0.3589606329589097,-0.9121183784091215,0.1979578938917408,0.0010324018471170
-0.3589606329589097,-0.9121183784091215,-0.1979578938917408,0.0010324018471170
0.9121183784091216,0.1979578938917408,0.3589606329589095,0.0010324018471170
0.9121183784091215,0.1979578938917408,-0.3589606329589097,0.0010324018471170
0.9121183784091216,-0.1979578938917408,0.3589606329589095,0.0010324018471170
0.9121183784091215,-0.1979578938917408,-0.3589606329589097,0.0010324018471170
-0.9121183784091216,0.1979578938917408,0.3589606329589095,0.0010324018471170
-0.9121183784091215,0.1979578938917408,-0.3589606329589097,0.0010324018471170
-0.9121183784091216,-0.1979578938917408,0.3589606329589095,0.0010324018471170
-0.9121183784091215,-0.1979578938917408,-0.3589606329589097,0.0010324018471170
0.9121183784091215,0.3589606329589097,0.1979578938917408,0.0010324018471170
0.9121183784091215,0.3589606329589097,-0.1979578938917408,0.0010324018471170
0.9121183784091215,-0.3589606329589097,0.1979578938917408,0.0010324018471170
0.9121183784091215,-0.3589606329589097,-0.1979578938917408,0.0010324018471170
-0.9121183784091215,0.3589606329589097,0.1979578938917408,0.0010324018471170
-0.9121183784091215,0.3589606329589097,-0.1979578938917408,0.0010324018471170
-0.9121183784091215,-0.3589606329589097,0.1979578938917408,0.0010324018471170
-0.9121183784091215,-0.3589606329589097,-0.1979578938917408,0.0010324018471170
0.2087307061103273,0.5348666438135476,0.8187485362810218,0.0011072493822840
0.2087307061103273,0.5348666438135475,-0.8187485362810218,0.0011072493822840
0.2087307061103273,-0.5348666438135476,0.8187485362810218,0.0011072493822840
0.2087307061103273,-0.5348666438135475,-0.8187485362810218,0.0011072493822840
-0.2087307061103275,0.5348666438135476,0.8187485362810218,0.0011072493822840
-0.2087307061103275,0.5348666438135475,-0.8187485362810218,0.0011072493822840
-0.2087307061103275,-0.5348666438135476,0.8187485362810218,0.0011072493822840
-0.2087307061103275,-0.5348666438135475,-0.8187485362810218,0.0011072493822840
0.2087307061103274,0.8187485362810218,0.5348666438135475,0.0011072493822840
0.2087307061103274,0.8187485362810218,-0.5348666438135476,0.0011072493822840
0.2087307061103274,-0.8187485362810218,0.5348666438135475,0.0011072493822840
0.2087307061103274,-0.8187485362810218,-0.5348666438135476,0.0011072493822840
-0.2087307061103274,0.8187485362810218,0.5348666438135475,0.0011072493822840
-0.2087307061103274,0.8187485362810218,-0.5348666438135476,0.0011072493822840
-0.2087307061103274,-0.8187485362810218,0.5348666438135475,0.0011072493822840
-0.2087307061103274,-0.8187485362810218,-0.5348666438135476,0.0011072493822840
0.5348666438135476,0.2087307061103273,0.8187485362810218,0.0011072493822840
0.5348666438135475,0.2087307061103273,-0.8187485362810218,0.0011072493822840
0.5348666438135476,-0.2087307061103273,0.8187485362810218,0.0011072493822840
0.5348666438135475,-0.2087307061103273,-0.8187485362810218,0.0011072493822840
-0.5348666438135478,0.2087307061103272,0.8187485362810218,0.0011072493822840
-0.5348666438135476,0.2087307061103272,-0.8187485362810218,0.0011072493822840
-0.5348666438135478,-0.2087307061103272,0.8187485362810218,0.0011072493822840
-0.5348666438135476,-0.2087307061103272,-0.8187485362810218,0.0011072493822840
0.5348666438135475,0.8187485362810220,0.2087307061103274,0.0011072493822840
0.5348666438135475,0.8187485362810220,-0.2087307061103274,0.0011072493822840
0.5348666438135475,-0.8187485362810220,0.2087307061103274,0.0011072493822840
0.5348666438135475,-0.8187485362810220,-0.2087307061103274,0.0011072493822840
-0.5348666438135479,0.8187485362810217,0.2087307061103274,0.0011072493822840
-0.5348666438135479,0.8187485362810217,-0.2087307061103274,0.0011072493822840
-0.5348666438135479,-0.8187485362810217,0.2087307061103274,0.0011072493822840
-0.5348666438135479,-0.8187485362810217,-0.2087307061103274,0.0011072493822840
0.8187485362810218,0.2087307061103275,0.5348666438135475,0.0011072493822840
0.8187485362810218,0.2087307061103274,-0.5348666438135476,0.0011072493822840
0.8187485362810218,-0.2087307061103275,0.5348666438135475,0.0011072493822840
0.8187485362810218,-0.2087307061103274,-0.5348666438135476,0.0011072493822840
-0.8187485362810220,0.2087307061103272,0.5348666438135475,0.0011072493822840
-0.8187485362810218,0.2087307061103272,-0.5348666438135476,0.0011072493822840
-0.8187485362810220,-0.2087307061103272,0.5348666438135475,0.0011072493822840
-0.8187485362810218,-0.2087307061103272,-0.5348666438135476,0.0011072493822840
0.8187485362810218,0.5348666438135476,0.2087307061103274,0.0011072493822840
0.8187485362810218,0.5348666438135476,-0.2087307061103274,0.0011072493822840
0.8187485362810218,-0.5348666438135476,0.2087307061103274,0.0011072493822840
0.8187485362810218,-0.5348666438135476,-0.2087307061103274,0.0011072493822840
-0.8187485362810220,0.5348666438135475,0.2087307061103274,0.0011072493822840
-0.8187485362810220,0.5348666438135475,-0.2087307061103274,0.0011072493822840
-0.8187485362810220,-0.5348666438135475,0.2087307061103274,0.0011072493822840
-0.8187485362810220,-0.5348666438135475,-0.2087307061103274,0.0011072493822840
0.4055122137872836,0.5674997546074373,0.7165918454670238,0.0011217800485200
0.4055122137872836,0.5674997546074373,-0.7165918454670238,0.0011217800485200
0.4055122137872836,-0.5674997546074373,0.7165918454670238,0.0011217800485200
0.4055122137872836,-0.5674997546074373,-0.7165918454670238,0.0011217800485200
-0.4055122137872836,0.5674997546074372,0.7165918454670238,0.0011217800485200
-0.4055122137872836,0.5674997546074372,-0.7165918454670238,0.0011217800485200
-0.4055122137872836,-0.5674997546074372,0.7165918454670238,0.0011217800485200
-0.4055122137872836,-0.5674997546074372,-0.7165918454670238,0.0011217800485200
0.4055122137872836,0.7165918454670238,0.5674997546074373,0.0011217800485200
0.4055122137872836,0.7165918454670238,-0.5674997546074373,0.0011217800485200
0.4055122137872836,-0.7165918454670238,0.5674997546074373,0.0011217800485200
0.4055122137872836,-0.7165918454670238,-0.5674997546074373,0.0011217800485200
-0.4055122137872836,0.7165918454670238,0.5674997546074373,0.0011217800485200
-0.4055122137872836,0.7165918454670238,-0.5674997546074373,0.0011217800485200
-0.4055122137872836,-0.7165918454670238,0.5674997546074373,0.0011217800485200
-0.4055122137872836,-0.7165918454670238,-0.5674997546074373,0.0011217800485200
0.5674997546074373,0.4055122137872835,0.7165918454670238,0.0011217800485200
0.5674997546074373,0.4055122137872835,-0.7165918454670238,0.0011217800485200
0.5674997546074373,-0.4055122137872835,0.7165918454670238,0.0011217800485200
0.5674997546074373,-0.4055122137872835,-0.7165918454670238,0.0011217800485200
-0.5674997546074373,0.4055122137872835,0.7165918454670238,0.0011217800485200
-0.5674997546074373,0.4055122137872835,-0.7165918454670238,0.0011217800485200
-0.5674997546074373,-0.4055122137872835,0.7165918454670238,0.0011217800485200
-0.5674997546074373,-0.4055122137872835,-0.7165918454670238,0.0011217800485200
0.5674997546074373,0.7165918454670238,0.4055122137872835,0.0011217800485200
0.5674997546074373,0.7165918454670238,-0.4055122137872835,0.0011217800485200
0.5674997546074373,-0.7165918454670238,0.4055122137872835,0.0011217800485200
0.5674997546074373,-0.7165918454670238,-0.4055122137872835,0.0011217800485200
-0.5674997546074374,0.7165918454670238,0.4055122137872835,0.0011217800485200
-0.5674997546074374,0.7165918454670238,-0.4055122137872835,0.0011217800485200
-0.5674997546074374,-0.7165918454670238,0.4055122137872835,0.0011217800485200
-0.5674997546074374,-0.7165918454670238,-0.4055122137872835,0.0011217800485200
0.7165918454670238,0.4055122137872836,0.5674997546074373,0.0011217800485200
0.7165918454670238,0.4055122137872836,-0.5674997546074373,0.0011217800485200
0.7165918454670238,-0.4055122137872836,0.5674997546074373,0.0011217800485200
0.7165918454670238,-0.4055122137872836,-0.5674997546074373,0.0011217800485200
-0.7165918454670239,0.4055122137872834,0.5674997546074373,0.0011217800485200
-0.7165918454670239,0.4055122137872834,-0.5674997546074373,0.0011217800485200
-0.7165918454670239,-0.4055122137872834,0.5674997546074373,0.0011217800485200
-0.7165918454670239,-0.4055122137872834,-0.5674997546074373,0.0011217800485200
0.7165918454670238,0.5674997546074374,0.4055122137872835,0.0011217800485200
0.7165918454670238,0.5674997546074374,-0.4055122137872835,0.0011217800485200
0.7165918454670238,-0.5674997546074374,0.4055122137872835,0.0011217800485200
0.7165918454670238,-0.5674997546074374,-0.4055122137872835,0.0011217800485200
-0.7165918454670238,0.5674997546074374,0.4055122137872835,0.0011217800485200
-0.7165918454670238,0.5674997546074374,-0.4055122137872835,0.0011217800485200
-0.7165918454670238,-0.5674997546074374,0.4055122137872835,0.0011217800485200
-0.7165918454670238,-0.5674997546074374,-0.4055122137872835,0.0011217800485200
