0.0	0.0	1.0	0.003391393085959038
0.0	0.07124704998790964	0.997458699830735	0.005719820510678986
0.07124704998790964	0.0	0.997458699830735	0.005719820510678986
0.0	0.1520571842539411	0.9883716976506172	0.0069932432604238315
0.07647191129018725	0.07647191129018725	0.9941348467724344	0.006727646302396639
0.1520571842539411	0.0	0.9883716976506172	0.00699324326042472
0.0	0.24253562503633294	0.9701425001453318	0.008461062193027225
0.08192319205190403	0.1638463841038081	0.9830783046228485	0.008263645999757596
0.16384638410380806	0.08192319205190406	0.9830783046228485	0.008263645999755376
0.24253562503633294	0.0	0.9701425001453318	0.008461062193027225
0.0	0.3417430630867043	0.939793423488437	0.010045422844139118
0.08737040566610378	0.26211121699831136	0.9610744623271417	0.010010219368392193
0.17609018126512474	0.17609018126512474	0.9684959969581861	0.01024180427342447
0.26211121699831136	0.08737040566610378	0.9610744623271417	0.010010219368392193
0.3417430630867043	0.0	0.939793423488437	0.010045422844139118
0.0	0.4472135954999579	0.894427190999916	0.011585668467569477
0.09245003270420485	0.3698001308168194	0.9245003270420485	0.011838823622944084
0.18814417367671943	0.2822162605150791	0.9407208683835973	0.012464653237005408
0.2822162605150791	0.18814417367671943	0.9407208683835973	0.012464653237005408
0.3698001308168194	0.09245003270420482	0.9245003270420485	0.011838823622893457
0.4472135954999579	0.0	0.894427190999916	0.011585668467569477
0.0	0.5547001962252291	0.8320502943378436	0.012842853887110373
0.09667364890456635	0.48336824452283184	0.8700628401410971	0.013511648284273647
0.19900743804199783	0.39801487608399577	0.8955334711889903	0.014711928502710414
0.30151134457776363	0.30151134457776363	0.9045340337332909	0.015151523805744471
0.39801487608399566	0.19900743804199789	0.8955334711889903	0.014711928502708638
0.48336824452283184	0.09667364890456634	0.8700628401410971	0.013511648284273647
0.5547001962252291	0.0	0.8320502943378436	0.012842853887113925
0.0	0.658504607868518	0.7525766947068778	0.013558225543272684
0.09950371902099892	0.5970223141259936	0.7960297521679913	0.014711928502710414
0.20739033894608505	0.5184758473652127	0.8295613557843402	0.01660889507873886
0.317999364001908	0.42399915200254396	0.8479983040050879	0.017713385720560915
0.42399915200254396	0.317999364001908	0.8479983040050879	0.01771338572056047
0.5184758473652127	0.20739033894608505	0.8295613557843402	0.01660889507873886
0.5970223141259935	0.09950371902099896	0.7960297521679913	0.014711928502710414
0.658504607868518	0.0	0.7525766947068778	0.013558225543272684
0.0	0.7525766947068778	0.658504607868518	0.013558225543270908
0.1005037815259212	0.7035264706814484	0.7035264706814484	0.015151523805741363
0.21199957600127198	0.635998728003816	0.741998516004452	0.01771338572055825
0.3292927799690711	0.5488212999484517	0.7683498199278325	0.019612326323092955
0.4444444444444445	0.4444444444444445	0.7777777777777778	0.02032045544515082
0.5488212999484517	0.3292927799690711	0.7683498199278325	0.019612326323092955
0.635998728003816	0.21199957600127198	0.741998516004452	0.01771338572055825
0.7035264706814484	0.1005037815259212	0.7035264706814484	0.015151523805740474
0.7525766947068778	0.0	0.658504607868518	0.013558225543270908
0.0	0.8320502943378436	0.5547001962252291	0.012842853887110373
0.09950371902099892	0.7960297521679913	0.5970223141259936	0.014711928502710858
0.21199957600127198	0.741998516004452	0.635998728003816	0.017713385720558694
0.33333333333333326	0.6666666666666666	0.6666666666666666	0.0203204554451486
0.4558423058385518	0.5698028822981898	0.6837634587578277	0.021868694621532736
0.5698028822981898	0.4558423058385518	0.6837634587578277	0.021868694621532736
0.6666666666666666	0.33333333333333337	0.6666666666666667	0.02032045544515304
0.741998516004452	0.21199957600127198	0.635998728003816	0.01771338572055825
0.7960297521679912	0.09950371902099894	0.5970223141259935	0.014711928502705529
0.8320502943378436	0.0	0.5547001962252291	0.012842853887112149
0.0	0.8944271909999159	0.447213595499958	0.011585668467565924
0.09667364890456637	0.8700628401410972	0.4833682445228319	0.013511648284275424
0.20739033894608505	0.8295613557843402	0.5184758473652127	0.016608895078736197
0.329292779969071	0.7683498199278324	0.5488212999484519	0.01961232632309251
0.4558423058385518	0.6837634587578276	0.5698028822981899	0.02186869462153096
0.5773502691896256	0.5773502691896256	0.5773502691896257	0.022716454740596248
0.6837634587578276	0.4558423058385518	0.5698028822981899	0.021868694621531404
0.7683498199278324	0.3292927799690711	0.5488212999484519	0.019612326323091622
0.8295613557843402	0.207390338946085	0.5184758473652127	0.016608895078737085
0.8700628401410972	0.09667364890456635	0.4833682445228319	0.013511648284275868
0.8944271909999159	0.0	0.447213595499958	0.011585668467565924
0.0	0.939793423488437	0.34174306308670443	0.01004542284414267
0.09245003270420485	0.9245003270420484	0.36980013081681945	0.011838823622893013
0.19900743804199789	0.8955334711889903	0.3980148760839958	0.01471192850271219
0.317999364001908	0.8479983040050879	0.42399915200254407	0.017713385720557362
0.4444444444444445	0.7777777777777777	0.44444444444444453	0.020320455445150376
0.5698028822981898	0.6837634587578276	0.4558423058385519	0.021868694621530516
0.6837634587578276	0.5698028822981898	0.4558423058385519	0.021868694621530516
0.7777777777777777	0.4444444444444445	0.44444444444444453	0.020320455445149932
0.8479983040050879	0.317999364001908	0.42399915200254407	0.017713385720557806
0.8955334711889903	0.19900743804199775	0.39801487608399577	0.014711928502709082
0.9245003270420484	0.09245003270420486	0.36980013081681945	0.011838823622945416
0.939793423488437	0.0	0.34174306308670443	0.01004542284414267
0.0	0.9701425001453318	0.24253562503633289	0.008461062193029
0.08737040566610378	0.9610744623271417	0.2621112169983113	0.010010219368393525
0.18814417367671943	0.9407208683835973	0.2822162605150791	0.01246465323700452
0.30151134457776363	0.9045340337332909	0.3015113445777635	0.015151523805743139
0.4239991520025439	0.847998304005088	0.3179993640019079	0.017713385720559582
0.5488212999484519	0.7683498199278324	0.32929277996907097	0.01961232632309029
0.6666666666666666	0.6666666666666666	0.3333333333333332	0.020320455445149044
0.7683498199278326	0.5488212999484517	0.32929277996907097	0.019612326323092955
0.8479983040050879	0.42399915200254407	0.3179993640019079	0.01771338572056136
0.9045340337332909	0.30151134457776363	0.3015113445777635	0.015151523805741363
0.9407208683835973	0.18814417367671937	0.2822162605150791	0.012464653237003187
0.9610744623271417	0.08737040566610381	0.2621112169983113	0.010010219368392193
0.9701425001453318	0.0	0.24253562503633289	0.008461062193029
0.0	0.9883716976506172	0.15205718425394107	0.0069932432604238315
0.08192319205190403	0.9830783046228485	0.16384638410380803	0.008263645999755376
0.17609018126512474	0.9684959969581861	0.1760901812651247	0.010241804273424915
0.2822162605150792	0.9407208683835973	0.1881441736767194	0.012464653237004963
0.39801487608399566	0.8955334711889903	0.1990074380419978	0.014711928502708638
0.5184758473652127	0.8295613557843402	0.207390338946085	0.016608895078734864
0.635998728003816	0.741998516004452	0.21199957600127195	0.01771338572055825
0.741998516004452	0.635998728003816	0.21199957600127195	0.017713385720560915
0.8295613557843402	0.5184758473652126	0.207390338946085	0.016608895078736197
0.8955334711889903	0.39801487608399566	0.1990074380419978	0.014711928502708194
0.9407208683835974	0.28221626051507914	0.1881441736767194	0.012464653237007184
0.9684959969581861	0.17609018126512474	0.1760901812651247	0.010241804273425359
0.9830783046228485	0.08192319205190399	0.16384638410380803	0.008263645999755376
0.9883716976506172	0.0	0.15205718425394107	0.0069932432604238315
0.0	0.997458699830735	0.07124704998790962	0.0057198205106780975
0.07647191129018725	0.9941348467724342	0.07647191129018724	0.006727646302393975
0.16384638410380806	0.9830783046228485	0.08192319205190401	0.008263645999756708
0.26211121699831136	0.9610744623271417	0.08737040566610377	0.010010219368392637
0.3698001308168194	0.9245003270420485	0.09245003270420482	0.011838823622893457
0.48336824452283184	0.8700628401410971	0.09667364890456634	0.01351164828427498
0.5970223141259935	0.7960297521679913	0.0995037190209989	0.014711928502702865
0.7035264706814485	0.7035264706814485	0.1005037815259212	0.01515152380574225
0.7960297521679913	0.5970223141259936	0.0995037190209989	0.014711928502708638
0.8700628401410974	0.4833682445228317	0.09667364890456634	0.013511648284278976
0.9245003270420485	0.3698001308168194	0.09245003270420482	0.011838823622893901
0.9610744623271417	0.2621112169983114	0.08737040566610377	0.010010219368394413
0.9830783046228485	0.16384638410380817	0.08192319205190403	0.008263645999757152
0.9941348467724342	0.07647191129018721	0.07647191129018724	0.0067276463023926425
0.997458699830735	0.0	0.07124704998790962	0.0057198205106780975
0.0	1.0	0.0	0.003391393085959038
0.07124704998790964	0.997458699830735	0.0	0.0057198205106780975
0.1520571842539411	0.9883716976506172	0.0	0.0069932432604238315
0.24253562503633294	0.9701425001453318	0.0	0.008461062193028113
0.3417430630867043	0.939793423488437	0.0	0.010045422844134677
0.4472135954999579	0.894427190999916	0.0	0.011585668467568588
0.5547001962252291	0.8320502943378436	0.0	0.012842853887113925
0.658504607868518	0.7525766947068778	0.0	0.013558225543270908
0.7525766947068778	0.658504607868518	0.0	0.013558225543270908
0.8320502943378436	0.5547001962252291	0.0	0.012842853887112149
0.8944271909999159	0.447213595499958	0.0	0.01158566846756326
0.939793423488437	0.34174306308670443	0.0	0.010045422844141783
0.9701425001453318	0.24253562503633289	0.0	0.008461062193029
0.9883716976506172	0.15205718425394107	0.0	0.0069932432604238315
0.997458699830735	0.07124704998790962	0.0	0.0057198205106780975
1.0	0.0	0.0	0.003391393085959038
-0.07124704998790964	0.0	0.997458699830735	0.005719820510678986
-0.07647191129018725	0.07647191129018725	0.9941348467724344	0.006727646302396639
-0.1520571842539411	0.0	0.9883716976506172	0.00699324326042472
-0.08192319205190403	0.1638463841038081	0.9830783046228485	0.008263645999757596
-0.16384638410380806	0.08192319205190406	0.9830783046228485	0.008263645999755376
-0.24253562503633294	0.0	0.9701425001453318	0.008461062193027225
-0.08737040566610378	0.26211121699831136	0.9610744623271417	0.010010219368392193
-0.17609018126512474	0.17609018126512474	0.9684959969581861	0.01024180427342447
-0.26211121699831136	0.08737040566610378	0.9610744623271417	0.010010219368392193
-0.3417430630867043	0.0	0.939793423488437	0.010045422844139118
-0.09245003270420485	0.3698001308168194	0.9245003270420485	0.011838823622944084
-0.18814417367671943	0.2822162605150791	0.9407208683835973	0.012464653237005408
-0.2822162605150791	0.18814417367671943	0.9407208683835973	0.012464653237005408
-0.3698001308168194	0.09245003270420482	0.9245003270420485	0.011838823622893457
-0.4472135954999579	0.0	0.894427190999916	0.011585668467569477
-0.09667364890456635	0.48336824452283184	0.8700628401410971	0.013511648284273647
-0.19900743804199783	0.39801487608399577	0.8955334711889903	0.014711928502710414
-0.30151134457776363	0.30151134457776363	0.9045340337332909	0.015151523805744471
-0.39801487608399566	0.19900743804199789	0.8955334711889903	0.014711928502708638
-0.48336824452283184	0.09667364890456634	0.8700628401410971	0.013511648284273647
-0.5547001962252291	0.0	0.8320502943378436	0.012842853887113925
-0.09950371902099892	0.5970223141259936	0.7960297521679913	0.014711928502710414
-0.20739033894608505	0.5184758473652127	0.8295613557843402	0.01660889507873886
-0.317999364001908	0.42399915200254396	0.8479983040050879	0.017713385720560915
-0.42399915200254396	0.317999364001908	0.8479983040050879	0.01771338572056047
-0.5184758473652127	0.20739033894608505	0.8295613557843402	0.01660889507873886
-0.5970223141259935	0.09950371902099896	0.7960297521679913	0.014711928502710414
-0.658504607868518	0.0	0.7525766947068778	0.013558225543272684
-0.1005037815259212	0.7035264706814484	0.7035264706814484	0.015151523805741363
-0.21199957600127198	0.635998728003816	0.741998516004452	0.01771338572055825
-0.3292927799690711	0.5488212999484517	0.7683498199278325	0.019612326323092955
-0.4444444444444445	0.4444444444444445	0.7777777777777778	0.02032045544515082
-0.5488212999484517	0.3292927799690711	0.7683498199278325	0.019612326323092955
-0.635998728003816	0.21199957600127198	0.741998516004452	0.01771338572055825
-0.7035264706814484	0.1005037815259212	0.7035264706814484	0.015151523805740474
-0.7525766947068778	0.0	0.658504607868518	0.013558225543270908
-0.09950371902099892	0.7960297521679913	0.5970223141259936	0.014711928502710858
-0.21199957600127198	0.741998516004452	0.635998728003816	0.017713385720558694
-0.33333333333333326	0.6666666666666666	0.6666666666666666	0.0203204554451486
-0.4558423058385518	0.5698028822981898	0.6837634587578277	0.021868694621532736
-0.5698028822981898	0.4558423058385518	0.6837634587578277	0.021868694621532736
-0.6666666666666666	0.33333333333333337	0.6666666666666667	0.02032045544515304
-0.741998516004452	0.21199957600127198	0.635998728003816	0.01771338572055825
-0.7960297521679912	0.09950371902099894	0.5970223141259935	0.014711928502705529
-0.8320502943378436	0.0	0.5547001962252291	0.012842853887112149
-0.09667364890456637	0.8700628401410972	0.4833682445228319	0.013511648284275424
-0.20739033894608505	0.8295613557843402	0.5184758473652127	0.016608895078736197
-0.329292779969071	0.7683498199278324	0.5488212999484519	0.01961232632309251
-0.4558423058385518	0.6837634587578276	0.5698028822981899	0.02186869462153096
-0.5773502691896256	0.5773502691896256	0.5773502691896257	0.022716454740596248
-0.6837634587578276	0.4558423058385518	0.5698028822981899	0.021868694621531404
-0.7683498199278324	0.3292927799690711	0.5488212999484519	0.019612326323091622
-0.8295613557843402	0.207390338946085	0.5184758473652127	0.016608895078737085
-0.8700628401410972	0.09667364890456635	0.4833682445228319	0.013511648284275868
-0.8944271909999159	0.0	0.447213595499958	0.011585668467565924
-0.09245003270420485	0.9245003270420484	0.36980013081681945	0.011838823622893013
-0.19900743804199789	0.8955334711889903	0.3980148760839958	0.01471192850271219
-0.317999364001908	0.8479983040050879	0.42399915200254407	0.017713385720557362
-0.4444444444444445	0.7777777777777777	0.44444444444444453	0.020320455445150376
-0.5698028822981898	0.6837634587578276	0.4558423058385519	0.021868694621530516
-0.6837634587578276	0.5698028822981898	0.4558423058385519	0.021868694621530516
-0.7777777777777777	0.4444444444444445	0.44444444444444453	0.020320455445149932
-0.8479983040050879	0.317999364001908	0.42399915200254407	0.017713385720557806
-0.8955334711889903	0.19900743804199775	0.39801487608399577	0.014711928502709082
-0.9245003270420484	0.09245003270420486	0.36980013081681945	0.011838823622945416
-0.939793423488437	0.0	0.34174306308670443	0.01004542284414267
-0.08737040566610378	0.9610744623271417	0.2621112169983113	0.010010219368393525
-0.18814417367671943	0.9407208683835973	0.2822162605150791	0.01246465323700452
-0.30151134457776363	0.9045340337332909	0.3015113445777635	0.015151523805743139
-0.4239991520025439	0.847998304005088	0.3179993640019079	0.017713385720559582
-0.5488212999484519	0.7683498199278324	0.32929277996907097	0.01961232632309029
-0.6666666666666666	0.6666666666666666	0.3333333333333332	0.020320455445149044
-0.7683498199278326	0.5488212999484517	0.32929277996907097	0.019612326323092955
-0.8479983040050879	0.42399915200254407	0.3179993640019079	0.01771338572056136
-0.9045340337332909	0.30151134457776363	0.3015113445777635	0.015151523805741363
-0.9407208683835973	0.18814417367671937	0.2822162605150791	0.012464653237003187
-0.9610744623271417	0.08737040566610381	0.2621112169983113	0.010010219368392193
-0.9701425001453318	0.0	0.24253562503633289	0.008461062193029
-0.08192319205190403	0.9830783046228485	0.16384638410380803	0.008263645999755376
-0.17609018126512474	0.9684959969581861	0.1760901812651247	0.010241804273424915
-0.2822162605150792	0.9407208683835973	0.1881441736767194	0.012464653237004963
-0.39801487608399566	0.8955334711889903	0.1990074380419978	0.014711928502708638
-0.5184758473652127	0.8295613557843402	0.207390338946085	0.016608895078734864
-0.635998728003816	0.741998516004452	0.21199957600127195	0.01771338572055825
-0.741998516004452	0.635998728003816	0.21199957600127195	0.017713385720560915
-0.8295613557843402	0.5184758473652126	0.207390338946085	0.016608895078736197
-0.8955334711889903	0.39801487608399566	0.1990074380419978	0.014711928502708194
-0.9407208683835974	0.28221626051507914	0.1881441736767194	0.012464653237007184
-0.9684959969581861	0.17609018126512474	0.1760901812651247	0.010241804273425359
-0.9830783046228485	0.08192319205190399	0.16384638410380803	0.008263645999755376
-0.9883716976506172	0.0	0.15205718425394107	0.0069932432604238315
-0.07647191129018725	0.9941348467724342	0.07647191129018724	0.006727646302393975
-0.16384638410380806	0.9830783046228485	0.08192319205190401	0.008263645999756708
-0.26211121699831136	0.9610744623271417	0.08737040566610377	0.010010219368392637
-0.3698001308168194	0.9245003270420485	0.09245003270420482	0.011838823622893457
-0.48336824452283184	0.8700628401410971	0.09667364890456634	0.01351164828427498
-0.5970223141259935	0.7960297521679913	0.0995037190209989	0.014711928502702865
-0.7035264706814485	0.7035264706814485	0.1005037815259212	0.01515152380574225
-0.7960297521679913	0.5970223141259936	0.0995037190209989	0.014711928502708638
-0.8700628401410974	0.4833682445228317	0.09667364890456634	0.013511648284278976
-0.9245003270420485	0.3698001308168194	0.09245003270420482	0.011838823622893901
-0.9610744623271417	0.2621112169983114	0.08737040566610377	0.010010219368394413
-0.9830783046228485	0.16384638410380817	0.08192319205190403	0.008263645999757152
-0.9941348467724342	0.07647191129018721	0.07647191129018724	0.0067276463023926425
-0.997458699830735	0.0	0.07124704998790962	0.0057198205106780975
-0.07124704998790964	0.997458699830735	0.0	0.0057198205106780975
-0.1520571842539411	0.9883716976506172	0.0	0.0069932432604238315
-0.24253562503633294	0.9701425001453318	0.0	0.008461062193028113
-0.3417430630867043	0.939793423488437	0.0	0.010045422844134677
-0.4472135954999579	0.894427190999916	0.0	0.011585668467568588
-0.5547001962252291	0.8320502943378436	0.0	0.012842853887113925
-0.658504607868518	0.7525766947068778	0.0	0.013558225543270908
-0.7525766947068778	0.658504607868518	0.0	0.013558225543270908
-0.8320502943378436	0.5547001962252291	0.0	0.012842853887112149
-0.8944271909999159	0.447213595499958	0.0	0.01158566846756326
-0.939793423488437	0.34174306308670443	0.0	0.010045422844141783
-0.9701425001453318	0.24253562503633289	0.0	0.008461062193029
-0.9883716976506172	0.15205718425394107	0.0	0.0069932432604238315
-0.997458699830735	0.07124704998790962	0.0	0.0057198205106780975
-1.0	0.0	0.0	0.003391393085959038
0.0	-0.07124704998790964	0.997458699830735	0.005719820510678986
0.0	-0.1520571842539411	0.9883716976506172	0.0069932432604238315
0.07647191129018725	-0.07647191129018725	0.9941348467724344	0.006727646302396639
0.0	-0.24253562503633294	0.9701425001453318	0.008461062193027225
0.08192319205190403	-0.1638463841038081	0.9830783046228485	0.008263645999757596
0.16384638410380806	-0.08192319205190406	0.9830783046228485	0.008263645999755376
0.0	-0.3417430630867043	0.939793423488437	0.010045422844139118
0.08737040566610378	-0.26211121699831136	0.9610744623271417	0.010010219368392193
0.17609018126512474	-0.17609018126512474	0.9684959969581861	0.01024180427342447
0.26211121699831136	-0.08737040566610378	0.9610744623271417	0.010010219368392193
0.0	-0.4472135954999579	0.894427190999916	0.011585668467569477
0.09245003270420485	-0.3698001308168194	0.9245003270420485	0.011838823622944084
0.18814417367671943	-0.2822162605150791	0.9407208683835973	0.012464653237005408
0.2822162605150791	-0.18814417367671943	0.9407208683835973	0.012464653237005408
0.3698001308168194	-0.09245003270420482	0.9245003270420485	0.011838823622893457
0.0	-0.5547001962252291	0.8320502943378436	0.012842853887110373
0.09667364890456635	-0.48336824452283184	0.8700628401410971	0.013511648284273647
0.19900743804199783	-0.39801487608399577	0.8955334711889903	0.014711928502710414
0.30151134457776363	-0.30151134457776363	0.9045340337332909	0.015151523805744471
0.39801487608399566	-0.19900743804199789	0.8955334711889903	0.014711928502708638
0.48336824452283184	-0.09667364890456634	0.8700628401410971	0.013511648284273647
0.0	-0.658504607868518	0.7525766947068778	0.013558225543272684
0.09950371902099892	-0.5970223141259936	0.7960297521679913	0.014711928502710414
0.20739033894608505	-0.5184758473652127	0.8295613557843402	0.01660889507873886
0.317999364001908	-0.42399915200254396	0.8479983040050879	0.017713385720560915
0.42399915200254396	-0.317999364001908	0.8479983040050879	0.01771338572056047
0.5184758473652127	-0.20739033894608505	0.8295613557843402	0.01660889507873886
0.5970223141259935	-0.09950371902099896	0.7960297521679913	0.014711928502710414
0.0	-0.7525766947068778	0.658504607868518	0.013558225543270908
0.1005037815259212	-0.7035264706814484	0.7035264706814484	0.015151523805741363
0.21199957600127198	-0.635998728003816	0.741998516004452	0.01771338572055825
0.3292927799690711	-0.5488212999484517	0.7683498199278325	0.019612326323092955
0.4444444444444445	-0.4444444444444445	0.7777777777777778	0.02032045544515082
0.5488212999484517	-0.3292927799690711	0.7683498199278325	0.019612326323092955
0.635998728003816	-0.21199957600127198	0.741998516004452	0.01771338572055825
0.7035264706814484	-0.1005037815259212	0.7035264706814484	0.015151523805740474
0.0	-0.8320502943378436	0.5547001962252291	0.012842853887110373
0.09950371902099892	-0.7960297521679913	0.5970223141259936	0.014711928502710858
0.21199957600127198	-0.741998516004452	0.635998728003816	0.017713385720558694
0.33333333333333326	-0.6666666666666666	0.6666666666666666	0.0203204554451486
0.4558423058385518	-0.5698028822981898	0.6837634587578277	0.021868694621532736
0.5698028822981898	-0.4558423058385518	0.6837634587578277	0.021868694621532736
0.6666666666666666	-0.33333333333333337	0.6666666666666667	0.02032045544515304
0.741998516004452	-0.21199957600127198	0.635998728003816	0.01771338572055825
0.7960297521679912	-0.09950371902099894	0.5970223141259935	0.014711928502705529
0.0	-0.8944271909999159	0.447213595499958	0.011585668467565924
0.09667364890456637	-0.8700628401410972	0.4833682445228319	0.013511648284275424
0.20739033894608505	-0.8295613557843402	0.5184758473652127	0.016608895078736197
0.329292779969071	-0.7683498199278324	0.5488212999484519	0.01961232632309251
0.4558423058385518	-0.6837634587578276	0.5698028822981899	0.02186869462153096
0.5773502691896256	-0.5773502691896256	0.5773502691896257	0.022716454740596248
0.6837634587578276	-0.4558423058385518	0.5698028822981899	0.021868694621531404
0.7683498199278324	-0.3292927799690711	0.5488212999484519	0.019612326323091622
0.8295613557843402	-0.207390338946085	0.5184758473652127	0.016608895078737085
0.8700628401410972	-0.09667364890456635	0.4833682445228319	0.013511648284275868
0.0	-0.939793423488437	0.34174306308670443	0.01004542284414267
0.09245003270420485	-0.9245003270420484	0.36980013081681945	0.011838823622893013
0.19900743804199789	-0.8955334711889903	0.3980148760839958	0.01471192850271219
0.317999364001908	-0.8479983040050879	0.42399915200254407	0.017713385720557362
0.4444444444444445	-0.7777777777777777	0.44444444444444453	0.020320455445150376
0.5698028822981898	-0.6837634587578276	0.4558423058385519	0.021868694621530516
0.6837634587578276	-0.5698028822981898	0.4558423058385519	0.021868694621530516
0.7777777777777777	-0.4444444444444445	0.44444444444444453	0.020320455445149932
0.8479983040050879	-0.317999364001908	0.42399915200254407	0.017713385720557806
0.8955334711889903	-0.19900743804199775	0.39801487608399577	0.014711928502709082
0.9245003270420484	-0.09245003270420486	0.36980013081681945	0.011838823622945416
0.0	-0.9701425001453318	0.24253562503633289	0.008461062193029
0.08737040566610378	-0.9610744623271417	0.2621112169983113	0.010010219368393525
0.18814417367671943	-0.9407208683835973	0.2822162605150791	0.01246465323700452
0.30151134457776363	-0.9045340337332909	0.3015113445777635	0.015151523805743139
0.4239991520025439	-0.847998304005088	0.3179993640019079	0.017713385720559582
0.5488212999484519	-0.7683498199278324	0.32929277996907097	0.01961232632309029
0.6666666666666666	-0.6666666666666666	0.3333333333333332	0.020320455445149044
0.7683498199278326	-0.5488212999484517	0.32929277996907097	0.019612326323092955
0.8479983040050879	-0.42399915200254407	0.3179993640019079	0.01771338572056136
0.9045340337332909	-0.30151134457776363	0.3015113445777635	0.015151523805741363
0.9407208683835973	-0.18814417367671937	0.2822162605150791	0.012464653237003187
0.9610744623271417	-0.08737040566610381	0.2621112169983113	0.010010219368392193
0.0	-0.9883716976506172	0.15205718425394107	0.0069932432604238315
0.08192319205190403	-0.9830783046228485	0.16384638410380803	0.008263645999755376
0.17609018126512474	-0.9684959969581861	0.1760901812651247	0.010241804273424915
0.2822162605150792	-0.9407208683835973	0.1881441736767194	0.012464653237004963
0.39801487608399566	-0.8955334711889903	0.1990074380419978	0.014711928502708638
0.5184758473652127	-0.8295613557843402	0.207390338946085	0.016608895078734864
0.635998728003816	-0.741998516004452	0.21199957600127195	0.01771338572055825
0.741998516004452	-0.635998728003816	0.21199957600127195	0.017713385720560915
0.8295613557843402	-0.5184758473652126	0.207390338946085	0.016608895078736197
0.8955334711889903	-0.39801487608399566	0.1990074380419978	0.014711928502708194
0.9407208683835974	-0.28221626051507914	0.1881441736767194	0.012464653237007184
0.9684959969581861	-0.17609018126512474	0.1760901812651247	0.010241804273425359
0.9830783046228485	-0.08192319205190399	0.16384638410380803	0.008263645999755376
0.0	-0.997458699830735	0.07124704998790962	0.0057198205106780975
0.07647191129018725	-0.9941348467724342	0.07647191129018724	0.006727646302393975
0.16384638410380806	-0.9830783046228485	0.08192319205190401	0.008263645999756708
0.26211121699831136	-0.9610744623271417	0.08737040566610377	0.010010219368392637
0.3698001308168194	-0.9245003270420485	0.09245003270420482	0.011838823622893457
0.48336824452283184	-0.8700628401410971	0.09667364890456634	0.01351164828427498
0.5970223141259935	-0.7960297521679913	0.0995037190209989	0.014711928502702865
0.7035264706814485	-0.7035264706814485	0.1005037815259212	0.01515152380574225
0.7960297521679913	-0.5970223141259936	0.0995037190209989	0.014711928502708638
0.8700628401410974	-0.4833682445228317	0.09667364890456634	0.013511648284278976
0.9245003270420485	-0.3698001308168194	0.09245003270420482	0.011838823622893901
0.9610744623271417	-0.2621112169983114	0.08737040566610377	0.010010219368394413
0.9830783046228485	-0.16384638410380817	0.08192319205190403	0.008263645999757152
0.9941348467724342	-0.07647191129018721	0.07647191129018724	0.0067276463023926425
0.0	-1.0	0.0	0.003391393085959038
0.07124704998790964	-0.997458699830735	0.0	0.0057198205106780975
0.1520571842539411	-0.9883716976506172	0.0	0.0069932432604238315
0.24253562503633294	-0.9701425001453318	0.0	0.008461062193028113
0.3417430630867043	-0.939793423488437	0.0	0.010045422844134677
0.4472135954999579	-0.894427190999916	0.0	0.011585668467568588
0.5547001962252291	-0.8320502943378436	0.0	0.012842853887113925
0.658504607868518	-0.7525766947068778	0.0	0.013558225543270908
0.7525766947068778	-0.658504607868518	0.0	0.013558225543270908
0.8320502943378436	-0.5547001962252291	0.0	0.012842853887112149
0.8944271909999159	-0.447213595499958	0.0	0.01158566846756326
0.939793423488437	-0.34174306308670443	0.0	0.010045422844141783
0.9701425001453318	-0.24253562503633289	0.0	0.008461062193029
0.9883716976506172	-0.15205718425394107	0.0	0.0069932432604238315
0.997458699830735	-0.07124704998790962	0.0	0.0057198205106780975
-0.07647191129018725	-0.07647191129018725	0.9941348467724344	0.006727646302396639
-0.08192319205190403	-0.1638463841038081	0.9830783046228485	0.008263645999757596
-0.16384638410380806	-0.08192319205190406	0.9830783046228485	0.008263645999755376
-0.08737040566610378	-0.26211121699831136	0.9610744623271417	0.010010219368392193
-0.17609018126512474	-0.17609018126512474	0.9684959969581861	0.01024180427342447
-0.26211121699831136	-0.08737040566610378	0.9610744623271417	0.010010219368392193
-0.09245003270420485	-0.3698001308168194	0.9245003270420485	0.011838823622944084
-0.18814417367671943	-0.2822162605150791	0.9407208683835973	0.012464653237005408
-0.2822162605150791	-0.18814417367671943	0.9407208683835973	0.012464653237005408
-0.3698001308168194	-0.09245003270420482	0.9245003270420485	0.011838823622893457
-0.09667364890456635	-0.48336824452283184	0.8700628401410971	0.013511648284273647
-0.19900743804199783	-0.39801487608399577	0.8955334711889903	0.014711928502710414
-0.30151134457776363	-0.30151134457776363	0.9045340337332909	0.015151523805744471
-0.39801487608399566	-0.19900743804199789	0.8955334711889903	0.014711928502708638
-0.48336824452283184	-0.09667364890456634	0.8700628401410971	0.013511648284273647
-0.09950371902099892	-0.5970223141259936	0.7960297521679913	0.014711928502710414
-0.20739033894608505	-0.5184758473652127	0.8295613557843402	0.01660889507873886
-0.317999364001908	-0.42399915200254396	0.8479983040050879	0.017713385720560915
-0.42399915200254396	-0.317999364001908	0.8479983040050879	0.01771338572056047
-0.5184758473652127	-0.20739033894608505	0.8295613557843402	0.01660889507873886
-0.5970223141259935	-0.09950371902099896	0.7960297521679913	0.014711928502710414
-0.1005037815259212	-0.7035264706814484	0.7035264706814484	0.015151523805741363
-0.21199957600127198	-0.635998728003816	0.741998516004452	0.01771338572055825
-0.3292927799690711	-0.5488212999484517	0.7683498199278325	0.019612326323092955
-0.4444444444444445	-0.4444444444444445	0.7777777777777778	0.02032045544515082
-0.5488212999484517	-0.3292927799690711	0.7683498199278325	0.019612326323092955
-0.635998728003816	-0.21199957600127198	0.741998516004452	0.01771338572055825
-0.7035264706814484	-0.1005037815259212	0.7035264706814484	0.015151523805740474
-0.09950371902099892	-0.7960297521679913	0.5970223141259936	0.014711928502710858
-0.21199957600127198	-0.741998516004452	0.635998728003816	0.017713385720558694
-0.33333333333333326	-0.6666666666666666	0.6666666666666666	0.0203204554451486
-0.4558423058385518	-0.5698028822981898	0.6837634587578277	0.021868694621532736
-0.5698028822981898	-0.4558423058385518	0.6837634587578277	0.021868694621532736
-0.6666666666666666	-0.33333333333333337	0.6666666666666667	0.02032045544515304
-0.741998516004452	-0.21199957600127198	0.635998728003816	0.01771338572055825
-0.7960297521679912	-0.09950371902099894	0.5970223141259935	0.014711928502705529
-0.09667364890456637	-0.8700628401410972	0.4833682445228319	0.013511648284275424
-0.20739033894608505	-0.8295613557843402	0.5184758473652127	0.016608895078736197
-0.329292779969071	-0.7683498199278324	0.5488212999484519	0.01961232632309251
-0.4558423058385518	-0.6837634587578276	0.5698028822981899	0.02186869462153096
-0.5773502691896256	-0.5773502691896256	0.5773502691896257	0.022716454740596248
-0.6837634587578276	-0.4558423058385518	0.5698028822981899	0.021868694621531404
-0.7683498199278324	-0.3292927799690711	0.5488212999484519	0.019612326323091622
-0.8295613557843402	-0.207390338946085	0.5184758473652127	0.016608895078737085
-0.8700628401410972	-0.09667364890456635	0.4833682445228319	0.013511648284275868
-0.09245003270420485	-0.9245003270420484	0.36980013081681945	0.011838823622893013
-0.19900743804199789	-0.8955334711889903	0.3980148760839958	0.01471192850271219
-0.317999364001908	-0.8479983040050879	0.42399915200254407	0.017713385720557362
-0.4444444444444445	-0.7777777777777777	0.44444444444444453	0.020320455445150376
-0.5698028822981898	-0.6837634587578276	0.4558423058385519	0.021868694621530516
-0.6837634587578276	-0.5698028822981898	0.4558423058385519	0.021868694621530516
-0.7777777777777777	-0.4444444444444445	0.44444444444444453	0.020320455445149932
-0.8479983040050879	-0.317999364001908	0.42399915200254407	0.017713385720557806
-0.8955334711889903	-0.19900743804199775	0.39801487608399577	0.014711928502709082
-0.9245003270420484	-0.09245003270420486	0.36980013081681945	0.011838823622945416
-0.08737040566610378	-0.9610744623271417	0.2621112169983113	0.010010219368393525
-0.18814417367671943	-0.9407208683835973	0.2822162605150791	0.01246465323700452
-0.30151134457776363	-0.9045340337332909	0.3015113445777635	0.015151523805743139
-0.4239991520025439	-0.847998304005088	0.3179993640019079	0.017713385720559582
-0.5488212999484519	-0.7683498199278324	0.32929277996907097	0.01961232632309029
-0.6666666666666666	-0.6666666666666666	0.3333333333333332	0.020320455445149044
-0.7683498199278326	-0.5488212999484517	0.32929277996907097	0.019612326323092955
-0.8479983040050879	-0.42399915200254407	0.3179993640019079	0.01771338572056136
-0.9045340337332909	-0.30151134457776363	0.3015113445777635	0.015151523805741363
-0.9407208683835973	-0.18814417367671937	0.2822162605150791	0.012464653237003187
-0.9610744623271417	-0.08737040566610381	0.2621112169983113	0.010010219368392193
-0.08192319205190403	-0.9830783046228485	0.16384638410380803	0.008263645999755376
-0.17609018126512474	-0.9684959969581861	0.1760901812651247	0.010241804273424915
-0.2822162605150792	-0.9407208683835973	0.1881441736767194	0.012464653237004963
-0.39801487608399566	-0.8955334711889903	0.1990074380419978	0.014711928502708638
-0.5184758473652127	-0.8295613557843402	0.207390338946085	0.016608895078734864
-0.635998728003816	-0.741998516004452	0.21199957600127195	0.01771338572055825
-0.741998516004452	-0.635998728003816	0.21199957600127195	0.017713385720560915
-0.8295613557843402	-0.5184758473652126	0.207390338946085	0.016608895078736197
-0.8955334711889903	-0.39801487608399566	0.1990074380419978	0.014711928502708194
-0.9407208683835974	-0.28221626051507914	0.1881441736767194	0.012464653237007184
-0.9684959969581861	-0.17609018126512474	0.1760901812651247	0.010241804273425359
-0.9830783046228485	-0.08192319205190399	0.16384638410380803	0.008263645999755376
-0.07647191129018725	-0.9941348467724342	0.07647191129018724	0.006727646302393975
-0.16384638410380806	-0.9830783046228485	0.08192319205190401	0.008263645999756708
-0.26211121699831136	-0.9610744623271417	0.08737040566610377	0.010010219368392637
-0.3698001308168194	-0.9245003270420485	0.09245003270420482	0.011838823622893457
-0.48336824452283184	-0.8700628401410971	0.09667364890456634	0.01351164828427498
-0.5970223141259935	-0.7960297521679913	0.0995037190209989	0.014711928502702865
-0.7035264706814485	-0.7035264706814485	0.1005037815259212	0.01515152380574225
-0.7960297521679913	-0.5970223141259936	0.0995037190209989	0.014711928502708638
-0.8700628401410974	-0.4833682445228317	0.09667364890456634	0.013511648284278976
-0.9245003270420485	-0.3698001308168194	0.09245003270420482	0.011838823622893901
-0.9610744623271417	-0.2621112169983114	0.08737040566610377	0.010010219368394413
-0.9830783046228485	-0.16384638410380817	0.08192319205190403	0.008263645999757152
-0.9941348467724342	-0.07647191129018721	0.07647191129018724	0.0067276463023926425
-0.07124704998790964	-0.997458699830735	0.0	0.0057198205106780975
-0.1520571842539411	-0.9883716976506172	0.0	0.0069932432604238315
-0.24253562503633294	-0.9701425001453318	0.0	0.008461062193028113
-0.3417430630867043	-0.939793423488437	0.0	0.010045422844134677
-0.4472135954999579	-0.894427190999916	0.0	0.011585668467568588
-0.5547001962252291	-0.8320502943378436	0.0	0.012842853887113925
-0.658504607868518	-0.7525766947068778	0.0	0.013558225543270908
-0.7525766947068778	-0.658504607868518	0.0	0.013558225543270908
-0.8320502943378436	-0.5547001962252291	0.0	0.012842853887112149
-0.8944271909999159	-0.447213595499958	0.0	0.01158566846756326
-0.939793423488437	-0.34174306308670443	0.0	0.010045422844141783
-0.9701425001453318	-0.24253562503633289	0.0	0.008461062193029
-0.9883716976506172	-0.15205718425394107	0.0	0.0069932432604238315
-0.997458699830735	-0.07124704998790962	0.0	0.0057198205106780975
0.0	0.0	-1.0	0.003391393085959038
0.0	0.07124704998790964	-0.997458699830735	0.005719820510678986
0.07124704998790964	0.0	-0.997458699830735	0.005719820510678986
0.0	0.1520571842539411	-0.9883716976506172	0.0069932432604238315
0.07647191129018725	0.07647191129018725	-0.9941348467724344	0.006727646302396639
0.1520571842539411	0.0	-0.9883716976506172	0.00699324326042472
0.0	0.24253562503633294	-0.9701425001453318	0.008461062193027225
0.08192319205190403	0.1638463841038081	-0.9830783046228485	0.008263645999757596
0.16384638410380806	0.08192319205190406	-0.9830783046228485	0.008263645999755376
0.24253562503633294	0.0	-0.9701425001453318	0.008461062193027225
0.0	0.3417430630867043	-0.939793423488437	0.010045422844139118
0.08737040566610378	0.26211121699831136	-0.9610744623271417	0.010010219368392193
0.17609018126512474	0.17609018126512474	-0.9684959969581861	0.01024180427342447
0.26211121699831136	0.08737040566610378	-0.9610744623271417	0.010010219368392193
0.3417430630867043	0.0	-0.939793423488437	0.010045422844139118
0.0	0.4472135954999579	-0.894427190999916	0.011585668467569477
0.09245003270420485	0.3698001308168194	-0.9245003270420485	0.011838823622944084
0.18814417367671943	0.2822162605150791	-0.9407208683835973	0.012464653237005408
0.2822162605150791	0.18814417367671943	-0.9407208683835973	0.012464653237005408
0.3698001308168194	0.09245003270420482	-0.9245003270420485	0.011838823622893457
0.4472135954999579	0.0	-0.894427190999916	0.011585668467569477
0.0	0.5547001962252291	-0.8320502943378436	0.012842853887110373
0.09667364890456635	0.48336824452283184	-0.8700628401410971	0.013511648284273647
0.19900743804199783	0.39801487608399577	-0.8955334711889903	0.014711928502710414
0.30151134457776363	0.30151134457776363	-0.9045340337332909	0.015151523805744471
0.39801487608399566	0.19900743804199789	-0.8955334711889903	0.014711928502708638
0.48336824452283184	0.09667364890456634	-0.8700628401410971	0.013511648284273647
0.5547001962252291	0.0	-0.8320502943378436	0.012842853887113925
0.0	0.658504607868518	-0.7525766947068778	0.013558225543272684
0.09950371902099892	0.5970223141259936	-0.7960297521679913	0.014711928502710414
0.20739033894608505	0.5184758473652127	-0.8295613557843402	0.01660889507873886
0.317999364001908	0.42399915200254396	-0.8479983040050879	0.017713385720560915
0.42399915200254396	0.317999364001908	-0.8479983040050879	0.01771338572056047
0.5184758473652127	0.20739033894608505	-0.8295613557843402	0.01660889507873886
0.5970223141259935	0.09950371902099896	-0.7960297521679913	0.014711928502710414
0.658504607868518	0.0	-0.7525766947068778	0.013558225543272684
0.0	0.7525766947068778	-0.658504607868518	0.013558225543270908
0.1005037815259212	0.7035264706814484	-0.7035264706814484	0.015151523805741363
0.21199957600127198	0.635998728003816	-0.741998516004452	0.01771338572055825
0.3292927799690711	0.5488212999484517	-0.7683498199278325	0.019612326323092955
0.4444444444444445	0.4444444444444445	-0.7777777777777778	0.02032045544515082
0.5488212999484517	0.3292927799690711	-0.7683498199278325	0.019612326323092955
0.635998728003816	0.21199957600127198	-0.741998516004452	0.01771338572055825
0.7035264706814484	0.1005037815259212	-0.7035264706814484	0.015151523805740474
0.7525766947068778	0.0	-0.658504607868518	0.013558225543270908
0.0	0.8320502943378436	-0.5547001962252291	0.012842853887110373
0.09950371902099892	0.7960297521679913	-0.5970223141259936	0.014711928502710858
0.21199957600127198	0.741998516004452	-0.635998728003816	0.017713385720558694
0.33333333333333326	0.6666666666666666	-0.6666666666666666	0.0203204554451486
0.4558423058385518	0.5698028822981898	-0.6837634587578277	0.021868694621532736
0.5698028822981898	0.4558423058385518	-0.6837634587578277	0.021868694621532736
0.6666666666666666	0.33333333333333337	-0.6666666666666667	0.02032045544515304
0.741998516004452	0.21199957600127198	-0.635998728003816	0.01771338572055825
0.7960297521679912	0.09950371902099894	-0.5970223141259935	0.014711928502705529
0.8320502943378436	0.0	-0.5547001962252291	0.012842853887112149
0.0	0.8944271909999159	-0.447213595499958	0.011585668467565924
0.09667364890456637	0.8700628401410972	-0.4833682445228319	0.013511648284275424
0.20739033894608505	0.8295613557843402	-0.5184758473652127	0.016608895078736197
0.329292779969071	0.7683498199278324	-0.5488212999484519	0.01961232632309251
0.4558423058385518	0.6837634587578276	-0.5698028822981899	0.02186869462153096
0.5773502691896256	0.5773502691896256	-0.5773502691896257	0.022716454740596248
0.6837634587578276	0.4558423058385518	-0.5698028822981899	0.021868694621531404
0.7683498199278324	0.3292927799690711	-0.5488212999484519	0.019612326323091622
0.8295613557843402	0.207390338946085	-0.5184758473652127	0.016608895078737085
0.8700628401410972	0.09667364890456635	-0.4833682445228319	0.013511648284275868
0.8944271909999159	0.0	-0.447213595499958	0.011585668467565924
0.0	0.939793423488437	-0.34174306308670443	0.01004542284414267
0.09245003270420485	0.9245003270420484	-0.36980013081681945	0.011838823622893013
0.19900743804199789	0.8955334711889903	-0.3980148760839958	0.01471192850271219
0.317999364001908	0.8479983040050879	-0.42399915200254407	0.017713385720557362
0.4444444444444445	0.7777777777777777	-0.44444444444444453	0.020320455445150376
0.5698028822981898	0.6837634587578276	-0.4558423058385519	0.021868694621530516
0.6837634587578276	0.5698028822981898	-0.4558423058385519	0.021868694621530516
0.7777777777777777	0.4444444444444445	-0.44444444444444453	0.020320455445149932
0.8479983040050879	0.317999364001908	-0.42399915200254407	0.017713385720557806
0.8955334711889903	0.19900743804199775	-0.39801487608399577	0.014711928502709082
0.9245003270420484	0.09245003270420486	-0.36980013081681945	0.011838823622945416
0.939793423488437	0.0	-0.34174306308670443	0.01004542284414267
0.0	0.9701425001453318	-0.24253562503633289	0.008461062193029
0.08737040566610378	0.9610744623271417	-0.2621112169983113	0.010010219368393525
0.18814417367671943	0.9407208683835973	-0.2822162605150791	0.01246465323700452
0.30151134457776363	0.9045340337332909	-0.3015113445777635	0.015151523805743139
0.4239991520025439	0.847998304005088	-0.3179993640019079	0.017713385720559582
0.5488212999484519	0.7683498199278324	-0.32929277996907097	0.01961232632309029
0.6666666666666666	0.6666666666666666	-0.3333333333333332	0.020320455445149044
0.7683498199278326	0.5488212999484517	-0.32929277996907097	0.019612326323092955
0.8479983040050879	0.42399915200254407	-0.3179993640019079	0.01771338572056136
0.9045340337332909	0.30151134457776363	-0.3015113445777635	0.015151523805741363
0.9407208683835973	0.18814417367671937	-0.2822162605150791	0.012464653237003187
0.9610744623271417	0.08737040566610381	-0.2621112169983113	0.010010219368392193
0.9701425001453318	0.0	-0.24253562503633289	0.008461062193029
0.0	0.9883716976506172	-0.15205718425394107	0.0069932432604238315
0.08192319205190403	0.9830783046228485	-0.16384638410380803	0.008263645999755376
0.17609018126512474	0.9684959969581861	-0.1760901812651247	0.010241804273424915
0.2822162605150792	0.9407208683835973	-0.1881441736767194	0.012464653237004963
0.39801487608399566	0.8955334711889903	-0.1990074380419978	0.014711928502708638
0.5184758473652127	0.8295613557843402	-0.207390338946085	0.016608895078734864
0.635998728003816	0.741998516004452	-0.21199957600127195	0.01771338572055825
0.741998516004452	0.635998728003816	-0.21199957600127195	0.017713385720560915
0.8295613557843402	0.5184758473652126	-0.207390338946085	0.016608895078736197
0.8955334711889903	0.39801487608399566	-0.1990074380419978	0.014711928502708194
0.9407208683835974	0.28221626051507914	-0.1881441736767194	0.012464653237007184
0.9684959969581861	0.17609018126512474	-0.1760901812651247	0.010241804273425359
0.9830783046228485	0.08192319205190399	-0.16384638410380803	0.008263645999755376
0.9883716976506172	0.0	-0.15205718425394107	0.0069932432604238315
0.0	0.997458699830735	-0.07124704998790962	0.0057198205106780975
0.07647191129018725	0.9941348467724342	-0.07647191129018724	0.006727646302393975
0.16384638410380806	0.9830783046228485	-0.08192319205190401	0.008263645999756708
0.26211121699831136	0.9610744623271417	-0.08737040566610377	0.010010219368392637
0.3698001308168194	0.9245003270420485	-0.09245003270420482	0.011838823622893457
0.48336824452283184	0.8700628401410971	-0.09667364890456634	0.01351164828427498
0.5970223141259935	0.7960297521679913	-0.0995037190209989	0.014711928502702865
0.7035264706814485	0.7035264706814485	-0.1005037815259212	0.01515152380574225
0.7960297521679913	0.5970223141259936	-0.0995037190209989	0.014711928502708638
0.8700628401410974	0.4833682445228317	-0.09667364890456634	0.013511648284278976
0.9245003270420485	0.3698001308168194	-0.09245003270420482	0.011838823622893901
0.9610744623271417	0.2621112169983114	-0.08737040566610377	0.010010219368394413
0.9830783046228485	0.16384638410380817	-0.08192319205190403	0.008263645999757152
0.9941348467724342	0.07647191129018721	-0.07647191129018724	0.0067276463023926425
0.997458699830735	0.0	-0.07124704998790962	0.0057198205106780975
-0.07124704998790964	0.0	-0.997458699830735	0.005719820510678986
-0.07647191129018725	0.07647191129018725	-0.9941348467724344	0.006727646302396639
-0.1520571842539411	0.0	-0.9883716976506172	0.00699324326042472
-0.08192319205190403	0.1638463841038081	-0.9830783046228485	0.008263645999757596
-0.16384638410380806	0.08192319205190406	-0.9830783046228485	0.008263645999755376
-0.24253562503633294	0.0	-0.9701425001453318	0.008461062193027225
-0.08737040566610378	0.26211121699831136	-0.9610744623271417	0.010010219368392193
-0.17609018126512474	0.17609018126512474	-0.9684959969581861	0.01024180427342447
-0.26211121699831136	0.08737040566610378	-0.9610744623271417	0.010010219368392193
-0.3417430630867043	0.0	-0.939793423488437	0.010045422844139118
-0.09245003270420485	0.3698001308168194	-0.9245003270420485	0.011838823622944084
-0.18814417367671943	0.2822162605150791	-0.9407208683835973	0.012464653237005408
-0.2822162605150791	0.18814417367671943	-0.9407208683835973	0.012464653237005408
-0.3698001308168194	0.09245003270420482	-0.9245003270420485	0.011838823622893457
-0.4472135954999579	0.0	-0.894427190999916	0.011585668467569477
-0.09667364890456635	0.48336824452283184	-0.8700628401410971	0.013511648284273647
-0.19900743804199783	0.39801487608399577	-0.8955334711889903	0.014711928502710414
-0.30151134457776363	0.30151134457776363	-0.9045340337332909	0.015151523805744471
-0.39801487608399566	0.19900743804199789	-0.8955334711889903	0.014711928502708638
-0.48336824452283184	0.09667364890456634	-0.8700628401410971	0.013511648284273647
-0.5547001962252291	0.0	-0.8320502943378436	0.012842853887113925
-0.09950371902099892	0.5970223141259936	-0.7960297521679913	0.014711928502710414
-0.20739033894608505	0.5184758473652127	-0.8295613557843402	0.01660889507873886
-0.317999364001908	0.42399915200254396	-0.8479983040050879	0.017713385720560915
-0.42399915200254396	0.317999364001908	-0.8479983040050879	0.01771338572056047
-0.5184758473652127	0.20739033894608505	-0.8295613557843402	0.01660889507873886
-0.5970223141259935	0.09950371902099896	-0.7960297521679913	0.014711928502710414
-0.658504607868518	0.0	-0.7525766947068778	0.013558225543272684
-0.1005037815259212	0.7035264706814484	-0.7035264706814484	0.015151523805741363
-0.21199957600127198	0.635998728003816	-0.741998516004452	0.01771338572055825
-0.3292927799690711	0.5488212999484517	-0.7683498199278325	0.019612326323092955
-0.4444444444444445	0.4444444444444445	-0.7777777777777778	0.02032045544515082
-0.5488212999484517	0.3292927799690711	-0.7683498199278325	0.019612326323092955
-0.635998728003816	0.21199957600127198	-0.741998516004452	0.01771338572055825
-0.7035264706814484	0.1005037815259212	-0.7035264706814484	0.015151523805740474
-0.7525766947068778	0.0	-0.658504607868518	0.013558225543270908
-0.09950371902099892	0.7960297521679913	-0.5970223141259936	0.014711928502710858
-0.21199957600127198	0.741998516004452	-0.635998728003816	0.017713385720558694
-0.33333333333333326	0.6666666666666666	-0.6666666666666666	0.0203204554451486
-0.4558423058385518	0.5698028822981898	-0.6837634587578277	0.021868694621532736
-0.5698028822981898	0.4558423058385518	-0.6837634587578277	0.021868694621532736
-0.6666666666666666	0.33333333333333337	-0.6666666666666667	0.02032045544515304
-0.741998516004452	0.21199957600127198	-0.635998728003816	0.01771338572055825
-0.7960297521679912	0.09950371902099894	-0.5970223141259935	0.014711928502705529
-0.8320502943378436	0.0	-0.5547001962252291	0.012842853887112149
-0.09667364890456637	0.8700628401410972	-0.4833682445228319	0.013511648284275424
-0.20739033894608505	0.8295613557843402	-0.5184758473652127	0.016608895078736197
-0.329292779969071	0.7683498199278324	-0.5488212999484519	0.01961232632309251
-0.4558423058385518	0.6837634587578276	-0.5698028822981899	0.02186869462153096
-0.5773502691896256	0.5773502691896256	-0.5773502691896257	0.022716454740596248
-0.6837634587578276	0.4558423058385518	-0.5698028822981899	0.021868694621531404
-0.7683498199278324	0.3292927799690711	-0.5488212999484519	0.019612326323091622
-0.8295613557843402	0.207390338946085	-0.5184758473652127	0.016608895078737085
-0.8700628401410972	0.09667364890456635	-0.4833682445228319	0.013511648284275868
-0.8944271909999159	0.0	-0.447213595499958	0.011585668467565924
-0.09245003270420485	0.9245003270420484	-0.36980013081681945	0.011838823622893013
-0.19900743804199789	0.8955334711889903	-0.3980148760839958	0.01471192850271219
-0.317999364001908	0.8479983040050879	-0.42399915200254407	0.017713385720557362
-0.4444444444444445	0.7777777777777777	-0.44444444444444453	0.020320455445150376
-0.5698028822981898	0.6837634587578276	-0.4558423058385519	0.021868694621530516
-0.6837634587578276	0.5698028822981898	-0.4558423058385519	0.021868694621530516
-0.7777777777777777	0.4444444444444445	-0.44444444444444453	0.020320455445149932
-0.8479983040050879	0.317999364001908	-0.42399915200254407	0.017713385720557806
-0.8955334711889903	0.19900743804199775	-0.39801487608399577	0.014711928502709082
-0.9245003270420484	0.09245003270420486	-0.36980013081681945	0.011838823622945416
-0.939793423488437	0.0	-0.34174306308670443	0.01004542284414267
-0.08737040566610378	0.9610744623271417	-0.2621112169983113	0.010010219368393525
-0.18814417367671943	0.9407208683835973	-0.2822162605150791	0.01246465323700452
-0.30151134457776363	0.9045340337332909	-0.3015113445777635	0.015151523805743139
-0.4239991520025439	0.847998304005088	-0.3179993640019079	0.017713385720559582
-0.5488212999484519	0.7683498199278324	-0.32929277996907097	0.01961232632309029
-0.6666666666666666	0.6666666666666666	-0.3333333333333332	0.020320455445149044
-0.7683498199278326	0.5488212999484517	-0.32929277996907097	0.019612326323092955
-0.8479983040050879	0.42399915200254407	-0.3179993640019079	0.01771338572056136
-0.9045340337332909	0.30151134457776363	-0.3015113445777635	0.015151523805741363
-0.9407208683835973	0.18814417367671937	-0.2822162605150791	0.012464653237003187
-0.9610744623271417	0.08737040566610381	-0.2621112169983113	0.010010219368392193
-0.9701425001453318	0.0	-0.24253562503633289	0.008461062193029
-0.08192319205190403	0.9830783046228485	-0.16384638410380803	0.008263645999755376
-0.17609018126512474	0.9684959969581861	-0.1760901812651247	0.010241804273424915
-0.2822162605150792	0.9407208683835973	-0.1881441736767194	0.012464653237004963
-0.39801487608399566	0.8955334711889903	-0.1990074380419978	0.014711928502708638
-0.5184758473652127	0.8295613557843402	-0.207390338946085	0.016608895078734864
-0.635998728003816	0.741998516004452	-0.21199957600127195	0.01771338572055825
-0.741998516004452	0.635998728003816	-0.21199957600127195	0.017713385720560915
-0.8295613557843402	0.5184758473652126	-0.207390338946085	0.016608895078736197
-0.8955334711889903	0.39801487608399566	-0.1990074380419978	0.014711928502708194
-0.9407208683835974	0.28221626051507914	-0.1881441736767194	0.012464653237007184
-0.9684959969581861	0.17609018126512474	-0.1760901812651247	0.010241804273425359
-0.9830783046228485	0.08192319205190399	-0.16384638410380803	0.008263645999755376
-0.9883716976506172	0.0	-0.15205718425394107	0.0069932432604238315
-0.07647191129018725	0.9941348467724342	-0.07647191129018724	0.006727646302393975
-0.16384638410380806	0.9830783046228485	-0.08192319205190401	0.008263645999756708
-0.26211121699831136	0.9610744623271417	-0.08737040566610377	0.010010219368392637
-0.3698001308168194	0.9245003270420485	-0.09245003270420482	0.011838823622893457
-0.48336824452283184	0.8700628401410971	-0.09667364890456634	0.01351164828427498
-0.5970223141259935	0.7960297521679913	-0.0995037190209989	0.014711928502702865
-0.7035264706814485	0.7035264706814485	-0.1005037815259212	0.01515152380574225
-0.7960297521679913	0.5970223141259936	-0.0995037190209989	0.014711928502708638
-0.8700628401410974	0.4833682445228317	-0.09667364890456634	0.013511648284278976
-0.9245003270420485	0.3698001308168194	-0.09245003270420482	0.011838823622893901
-0.9610744623271417	0.2621112169983114	-0.08737040566610377	0.010010219368394413
-0.9830783046228485	0.16384638410380817	-0.08192319205190403	0.008263645999757152
-0.9941348467724342	0.07647191129018721	-0.07647191129018724	0.0067276463023926425
-0.997458699830735	0.0	-0.07124704998790962	0.0057198205106780975
0.0	-0.07124704998790964	-0.997458699830735	0.005719820510678986
0.0	-0.1520571842539411	-0.9883716976506172	0.0069932432604238315
0.07647191129018725	-0.07647191129018725	-0.9941348467724344	0.006727646302396639
0.0	-0.24253562503633294	-0.9701425001453318	0.008461062193027225
0.08192319205190403	-0.1638463841038081	-0.9830783046228485	0.008263645999757596
0.16384638410380806	-0.08192319205190406	-0.9830783046228485	0.008263645999755376
0.0	-0.3417430630867043	-0.939793423488437	0.010045422844139118
0.08737040566610378	-0.26211121699831136	-0.9610744623271417	0.010010219368392193
0.17609018126512474	-0.17609018126512474	-0.9684959969581861	0.01024180427342447
0.26211121699831136	-0.08737040566610378	-0.9610744623271417	0.010010219368392193
0.0	-0.4472135954999579	-0.894427190999916	0.011585668467569477
0.09245003270420485	-0.3698001308168194	-0.9245003270420485	0.011838823622944084
0.18814417367671943	-0.2822162605150791	-0.9407208683835973	0.012464653237005408
0.2822162605150791	-0.18814417367671943	-0.9407208683835973	0.012464653237005408
0.3698001308168194	-0.09245003270420482	-0.9245003270420485	0.011838823622893457
0.0	-0.5547001962252291	-0.8320502943378436	0.012842853887110373
0.09667364890456635	-0.48336824452283184	-0.8700628401410971	0.013511648284273647
0.19900743804199783	-0.39801487608399577	-0.8955334711889903	0.014711928502710414
0.30151134457776363	-0.30151134457776363	-0.9045340337332909	0.015151523805744471
0.39801487608399566	-0.19900743804199789	-0.8955334711889903	0.014711928502708638
0.48336824452283184	-0.09667364890456634	-0.8700628401410971	0.013511648284273647
0.0	-0.658504607868518	-0.7525766947068778	0.013558225543272684
0.09950371902099892	-0.5970223141259936	-0.7960297521679913	0.014711928502710414
0.20739033894608505	-0.5184758473652127	-0.8295613557843402	0.01660889507873886
0.317999364001908	-0.42399915200254396	-0.8479983040050879	0.017713385720560915
0.42399915200254396	-0.317999364001908	-0.8479983040050879	0.01771338572056047
0.5184758473652127	-0.20739033894608505	-0.8295613557843402	0.01660889507873886
0.5970223141259935	-0.09950371902099896	-0.7960297521679913	0.014711928502710414
0.0	-0.7525766947068778	-0.658504607868518	0.013558225543270908
0.1005037815259212	-0.7035264706814484	-0.7035264706814484	0.015151523805741363
0.21199957600127198	-0.635998728003816	-0.741998516004452	0.01771338572055825
0.3292927799690711	-0.5488212999484517	-0.7683498199278325	0.019612326323092955
0.4444444444444445	-0.4444444444444445	-0.7777777777777778	0.02032045544515082
0.5488212999484517	-0.3292927799690711	-0.7683498199278325	0.019612326323092955
0.635998728003816	-0.21199957600127198	-0.741998516004452	0.01771338572055825
0.7035264706814484	-0.1005037815259212	-0.7035264706814484	0.015151523805740474
0.0	-0.8320502943378436	-0.5547001962252291	0.012842853887110373
0.09950371902099892	-0.7960297521679913	-0.5970223141259936	0.014711928502710858
0.21199957600127198	-0.741998516004452	-0.635998728003816	0.017713385720558694
0.33333333333333326	-0.6666666666666666	-0.6666666666666666	0.0203204554451486
0.4558423058385518	-0.5698028822981898	-0.6837634587578277	0.021868694621532736
0.5698028822981898	-0.4558423058385518	-0.6837634587578277	0.021868694621532736
0.6666666666666666	-0.33333333333333337	-0.6666666666666667	0.02032045544515304
0.741998516004452	-0.21199957600127198	-0.635998728003816	0.01771338572055825
0.7960297521679912	-0.09950371902099894	-0.5970223141259935	0.014711928502705529
0.0	-0.8944271909999159	-0.447213595499958	0.011585668467565924
0.09667364890456637	-0.8700628401410972	-0.4833682445228319	0.013511648284275424
0.20739033894608505	-0.8295613557843402	-0.5184758473652127	0.016608895078736197
0.329292779969071	-0.7683498199278324	-0.5488212999484519	0.01961232632309251
0.4558423058385518	-0.6837634587578276	-0.5698028822981899	0.02186869462153096
0.5773502691896256	-0.5773502691896256	-0.5773502691896257	0.022716454740596248
0.6837634587578276	-0.4558423058385518	-0.5698028822981899	0.021868694621531404
0.7683498199278324	-0.3292927799690711	-0.5488212999484519	0.019612326323091622
0.8295613557843402	-0.207390338946085	-0.5184758473652127	0.016608895078737085
0.8700628401410972	-0.09667364890456635	-0.4833682445228319	0.013511648284275868
0.0	-0.939793423488437	-0.34174306308670443	0.01004542284414267
0.09245003270420485	-0.9245003270420484	-0.36980013081681945	0.011838823622893013
0.19900743804199789	-0.8955334711889903	-0.3980148760839958	0.01471192850271219
0.317999364001908	-0.8479983040050879	-0.42399915200254407	0.017713385720557362
0.4444444444444445	-0.7777777777777777	-0.44444444444444453	0.020320455445150376
0.5698028822981898	-0.6837634587578276	-0.4558423058385519	0.021868694621530516
0.6837634587578276	-0.5698028822981898	-0.4558423058385519	0.021868694621530516
0.7777777777777777	-0.4444444444444445	-0.44444444444444453	0.020320455445149932
0.8479983040050879	-0.317999364001908	-0.42399915200254407	0.017713385720557806
0.8955334711889903	-0.19900743804199775	-0.39801487608399577	0.014711928502709082
0.9245003270420484	-0.09245003270420486	-0.36980013081681945	0.011838823622945416
0.0	-0.9701425001453318	-0.24253562503633289	0.008461062193029
0.08737040566610378	-0.9610744623271417	-0.2621112169983113	0.010010219368393525
0.18814417367671943	-0.9407208683835973	-0.2822162605150791	0.01246465323700452
0.30151134457776363	-0.9045340337332909	-0.3015113445777635	0.015151523805743139
0.4239991520025439	-0.847998304005088	-0.3179993640019079	0.017713385720559582
0.5488212999484519	-0.7683498199278324	-0.32929277996907097	0.01961232632309029
0.6666666666666666	-0.6666666666666666	-0.3333333333333332	0.020320455445149044
0.7683498199278326	-0.5488212999484517	-0.32929277996907097	0.019612326323092955
0.8479983040050879	-0.42399915200254407	-0.3179993640019079	0.01771338572056136
0.9045340337332909	-0.30151134457776363	-0.3015113445777635	0.015151523805741363
0.9407208683835973	-0.18814417367671937	-0.2822162605150791	0.012464653237003187
0.9610744623271417	-0.08737040566610381	-0.2621112169983113	0.010010219368392193
0.0	-0.9883716976506172	-0.15205718425394107	0.0069932432604238315
0.08192319205190403	-0.9830783046228485	-0.16384638410380803	0.008263645999755376
0.17609018126512474	-0.9684959969581861	-0.1760901812651247	0.010241804273424915
0.2822162605150792	-0.9407208683835973	-0.1881441736767194	0.012464653237004963
0.39801487608399566	-0.8955334711889903	-0.1990074380419978	0.014711928502708638
0.5184758473652127	-0.8295613557843402	-0.207390338946085	0.016608895078734864
0.635998728003816	-0.741998516004452	-0.21199957600127195	0.01771338572055825
0.741998516004452	-0.635998728003816	-0.21199957600127195	0.017713385720560915
0.8295613557843402	-0.5184758473652126	-0.207390338946085	0.016608895078736197
0.8955334711889903	-0.39801487608399566	-0.1990074380419978	0.014711928502708194
0.9407208683835974	-0.28221626051507914	-0.1881441736767194	0.012464653237007184
0.9684959969581861	-0.17609018126512474	-0.1760901812651247	0.010241804273425359
0.9830783046228485	-0.08192319205190399	-0.16384638410380803	0.008263645999755376
0.0	-0.997458699830735	-0.07124704998790962	0.0057198205106780975
0.07647191129018725	-0.9941348467724342	-0.07647191129018724	0.006727646302393975
0.16384638410380806	-0.9830783046228485	-0.08192319205190401	0.008263645999756708
0.26211121699831136	-0.9610744623271417	-0.08737040566610377	0.010010219368392637
0.3698001308168194	-0.9245003270420485	-0.09245003270420482	0.011838823622893457
0.48336824452283184	-0.8700628401410971	-0.09667364890456634	0.01351164828427498
0.5970223141259935	-0.7960297521679913	-0.0995037190209989	0.014711928502702865
0.7035264706814485	-0.7035264706814485	-0.1005037815259212	0.01515152380574225
0.7960297521679913	-0.5970223141259936	-0.0995037190209989	0.014711928502708638
0.8700628401410974	-0.4833682445228317	-0.09667364890456634	0.013511648284278976
0.9245003270420485	-0.3698001308168194	-0.09245003270420482	0.011838823622893901
0.9610744623271417	-0.2621112169983114	-0.08737040566610377	0.010010219368394413
0.9830783046228485	-0.16384638410380817	-0.08192319205190403	0.008263645999757152
0.9941348467724342	-0.07647191129018721	-0.07647191129018724	0.0067276463023926425
-0.07647191129018725	-0.07647191129018725	-0.9941348467724344	0.006727646302396639
-0.08192319205190403	-0.1638463841038081	-0.9830783046228485	0.008263645999757596
-0.16384638410380806	-0.08192319205190406	-0.9830783046228485	0.008263645999755376
-0.08737040566610378	-0.26211121699831136	-0.9610744623271417	0.010010219368392193
-0.17609018126512474	-0.17609018126512474	-0.9684959969581861	0.01024180427342447
-0.26211121699831136	-0.08737040566610378	-0.9610744623271417	0.010010219368392193
-0.09245003270420485	-0.3698001308168194	-0.9245003270420485	0.011838823622944084
-0.18814417367671943	-0.2822162605150791	-0.9407208683835973	0.012464653237005408
-0.2822162605150791	-0.18814417367671943	-0.9407208683835973	0.012464653237005408
-0.3698001308168194	-0.09245003270420482	-0.9245003270420485	0.011838823622893457
-0.09667364890456635	-0.48336824452283184	-0.8700628401410971	0.013511648284273647
-0.19900743804199783	-0.39801487608399577	-0.8955334711889903	0.014711928502710414
-0.30151134457776363	-0.30151134457776363	-0.9045340337332909	0.015151523805744471
-0.39801487608399566	-0.19900743804199789	-0.8955334711889903	0.014711928502708638
-0.48336824452283184	-0.09667364890456634	-0.8700628401410971	0.013511648284273647
-0.09950371902099892	-0.5970223141259936	-0.7960297521679913	0.014711928502710414
-0.20739033894608505	-0.5184758473652127	-0.8295613557843402	0.01660889507873886
-0.317999364001908	-0.42399915200254396	-0.8479983040050879	0.017713385720560915
-0.42399915200254396	-0.317999364001908	-0.8479983040050879	0.01771338572056047
-0.5184758473652127	-0.20739033894608505	-0.8295613557843402	0.01660889507873886
-0.5970223141259935	-0.09950371902099896	-0.7960297521679913	0.014711928502710414
-0.1005037815259212	-0.7035264706814484	-0.7035264706814484	0.015151523805741363
-0.21199957600127198	-0.635998728003816	-0.741998516004452	0.01771338572055825
-0.3292927799690711	-0.5488212999484517	-0.7683498199278325	0.019612326323092955
-0.4444444444444445	-0.4444444444444445	-0.7777777777777778	0.02032045544515082
-0.5488212999484517	-0.3292927799690711	-0.7683498199278325	0.019612326323092955
-0.635998728003816	-0.21199957600127198	-0.741998516004452	0.01771338572055825
-0.7035264706814484	-0.1005037815259212	-0.7035264706814484	0.015151523805740474
-0.09950371902099892	-0.7960297521679913	-0.5970223141259936	0.014711928502710858
-0.21199957600127198	-0.741998516004452	-0.635998728003816	0.017713385720558694
-0.33333333333333326	-0.6666666666666666	-0.6666666666666666	0.0203204554451486
-0.4558423058385518	-0.5698028822981898	-0.6837634587578277	0.021868694621532736
-0.5698028822981898	-0.4558423058385518	-0.6837634587578277	0.021868694621532736
-0.6666666666666666	-0.33333333333333337	-0.6666666666666667	0.02032045544515304
-0.741998516004452	-0.21199957600127198	-0.635998728003816	0.01771338572055825
-0.7960297521679912	-0.09950371902099894	-0.5970223141259935	0.014711928502705529
-0.09667364890456637	-0.8700628401410972	-0.4833682445228319	0.013511648284275424
-0.20739033894608505	-0.8295613557843402	-0.5184758473652127	0.016608895078736197
-0.329292779969071	-0.7683498199278324	-0.5488212999484519	0.01961232632309251
-0.4558423058385518	-0.6837634587578276	-0.5698028822981899	0.02186869462153096
-0.5773502691896256	-0.5773502691896256	-0.5773502691896257	0.022716454740596248
-0.6837634587578276	-0.4558423058385518	-0.5698028822981899	0.021868694621531404
-0.7683498199278324	-0.3292927799690711	-0.5488212999484519	0.019612326323091622
-0.8295613557843402	-0.207390338946085	-0.5184758473652127	0.016608895078737085
-0.8700628401410972	-0.09667364890456635	-0.4833682445228319	0.013511648284275868
-0.09245003270420485	-0.9245003270420484	-0.36980013081681945	0.011838823622893013
-0.19900743804199789	-0.8955334711889903	-0.3980148760839958	0.01471192850271219
-0.317999364001908	-0.8479983040050879	-0.42399915200254407	0.017713385720557362
-0.4444444444444445	-0.7777777777777777	-0.44444444444444453	0.020320455445150376
-0.5698028822981898	-0.6837634587578276	-0.4558423058385519	0.021868694621530516
-0.6837634587578276	-0.5698028822981898	-0.4558423058385519	0.021868694621530516
-0.7777777777777777	-0.4444444444444445	-0.44444444444444453	0.020320455445149932
-0.8479983040050879	-0.317999364001908	-0.42399915200254407	0.017713385720557806
-0.8955334711889903	-0.19900743804199775	-0.39801487608399577	0.014711928502709082
-0.9245003270420484	-0.09245003270420486	-0.36980013081681945	0.011838823622945416
-0.08737040566610378	-0.9610744623271417	-0.2621112169983113	0.010010219368393525
-0.18814417367671943	-0.9407208683835973	-0.2822162605150791	0.01246465323700452
-0.30151134457776363	-0.9045340337332909	-0.3015113445777635	0.015151523805743139
-0.4239991520025439	-0.847998304005088	-0.3179993640019079	0.017713385720559582
-0.5488212999484519	-0.7683498199278324	-0.32929277996907097	0.01961232632309029
-0.6666666666666666	-0.6666666666666666	-0.3333333333333332	0.020320455445149044
-0.7683498199278326	-0.5488212999484517	-0.32929277996907097	0.019612326323092955
-0.8479983040050879	-0.42399915200254407	-0.3179993640019079	0.01771338572056136
-0.9045340337332909	-0.30151134457776363	-0.3015113445777635	0.015151523805741363
-0.9407208683835973	-0.18814417367671937	-0.2822162605150791	0.012464653237003187
-0.9610744623271417	-0.08737040566610381	-0.2621112169983113	0.010010219368392193
-0.08192319205190403	-0.9830783046228485	-0.16384638410380803	0.008263645999755376
-0.17609018126512474	-0.9684959969581861	-0.1760901812651247	0.010241804273424915
-0.2822162605150792	-0.9407208683835973	-0.1881441736767194	0.012464653237004963
-0.39801487608399566	-0.8955334711889903	-0.1990074380419978	0.014711928502708638
-0.5184758473652127	-0.8295613557843402	-0.207390338946085	0.016608895078734864
-0.635998728003816	-0.741998516004452	-0.21199957600127195	0.01771338572055825
-0.741998516004452	-0.635998728003816	-0.21199957600127195	0.017713385720560915
-0.8295613557843402	-0.5184758473652126	-0.207390338946085	0.016608895078736197
-0.8955334711889903	-0.39801487608399566	-0.1990074380419978	0.014711928502708194
-0.9407208683835974	-0.28221626051507914	-0.1881441736767194	0.012464653237007184
-0.9684959969581861	-0.17609018126512474	-0.1760901812651247	0.010241804273425359
-0.9830783046228485	-0.08192319205190399	-0.16384638410380803	0.008263645999755376
-0.07647191129018725	-0.9941348467724342	-0.07647191129018724	0.006727646302393975
-0.16384638410380806	-0.9830783046228485	-0.08192319205190401	0.008263645999756708
-0.26211121699831136	-0.9610744623271417	-0.08737040566610377	0.010010219368392637
-0.3698001308168194	-0.9245003270420485	-0.09245003270420482	0.011838823622893457
-0.48336824452283184	-0.8700628401410971	-0.09667364890456634	0.01351164828427498
-0.5970223141259935	-0.7960297521679913	-0.0995037190209989	0.014711928502702865
-0.7035264706814485	-0.7035264706814485	-0.1005037815259212	0.01515152380574225
-0.7960297521679913	-0.5970223141259936	-0.0995037190209989	0.014711928502708638
-0.8700628401410974	-0.4833682445228317	-0.09667364890456634	0.013511648284278976
-0.9245003270420485	-0.3698001308168194	-0.09245003270420482	0.011838823622893901
-0.9610744623271417	-0.2621112169983114	-0.08737040566610377	0.010010219368394413
-0.9830783046228485	-0.16384638410380817	-0.08192319205190403	0.008263645999757152
-0.9941348467724342	-0.07647191129018721	-0.07647191129018724	0.0067276463023926425
